Discovered Pairwise Associations: 
(11 10)(12 14)(14 12)(18 16)(21 22)(23 26)(29 30)(31 32)(36 34)(39 40)(46 44)(56 50)(68 70)(70 68)


After duplicates removed based on SR(Mode) Value
(11 10)(14 12)(18 16)(21 22)(23 26)(29 30)(31 32)(36 34)(39 40)(46 44)(56 50)(70 68)

Starting List at K = 57
(11 10)(14 12)(18 16)(21 22)(23 26)(29 30)(31 32)(36 34)(39 40)(46 44)(56 50)(70 68)(6)(7)(8)(9)(13)(15)(17)(19)(20)(24)(25)(27)(28)(33)(35)(37)(38)(41)(42)(43)(45)(47)(48)(49)(51)(52)(53)(54)(55)(57)(58)(59)(60)(61)(62)(63)(64)(65)(66)(67)(69)(71)(72)(73)(74)


Clusters at Iteration K = 56
(10 11)(12 14)(16 18)(21 22)(23 26)(29 30 31 32)(34 36)(39 40)(44 46)(50 56)(68 70)


Clusters at Iteration K = 55
(10 11)(12 14)(16 18)(21 22)(23 26)(29 30 31 32)(34 36)(39 40)(44 46)(50 56)(60 63)(68 70)


Clusters at Iteration K = 54
(10 11)(12 14)(16 18)(21 22)(23 26)(29 30 31 32)(34 36)(39 40)(44 46)(50 56)(60 63)(68 70)(71 74)


Clusters at Iteration K = 53
(10 11)(12 14)(16 18)(21 22)(23 26)(29 30 31 32)(34 36)(39 40)(42 49)(44 46)(50 56)(60 63)(68 70)(71 74)


Clusters at Iteration K = 52
( 9 10 11)(12 14)(16 18)(21 22)(23 26)(29 30 31 32)(34 36)(39 40)(42 49)(44 46)(50 56)(60 63)(68 70)(71 74)


Clusters at Iteration K = 51
(7 8)( 9 10 11)(12 14)(16 18)(21 22)(23 26)(29 30 31 32)(34 36)(39 40)(42 49)(44 46)(50 56)(60 63)(68 70)(71 74)


Clusters at Iteration K = 50
(7 8)( 9 10 11)(12 14)(16 18)(21 22)(23 26)(29 30 31 32)(34 36)(39 40)(42 49)(44 46)(50 56)(53 54)(60 63)(68 70)(71 74)


Clusters at Iteration K = 49
(6 7 8)( 9 10 11)(12 14)(16 18)(21 22)(23 26)(29 30 31 32)(34 36)(39 40)(42 49)(44 46)(50 56)(53 54)(60 63)(68 70)(71 74)


Clusters at Iteration K = 48
(6 7 8)( 9 10 11 13)(12 14)(16 18)(21 22)(23 26)(29 30 31 32)(34 36)(39 40)(42 49)(44 46)(50 56)(53 54)(60 63)(68 70)(71 74)


Clusters at Iteration K = 47
(6 7 8)( 9 10 11 13)(12 14)(16 18)(21 22)(23 26)(29 30 31 32)(34 36)(39 40)(42 49 52)(44 46)(50 56)(53 54)(60 63)(68 70)(71 74)


Clusters at Iteration K = 46
(6 7 8)( 9 10 11 13 21)(12 14)(16 18)(22 23 26)(29 30 31 32)(34 36)(39 40)(42 49 52)(44 46)(50 56)(53 54)(60 63)(68 70)(71 74)


Clusters at Iteration K = 45
(6 7 8)( 9 10 11 13 21)(12 14)(16 18)(22 23 26)(29 30 31 32)(34 36)(39 40)(42 45)(44 46)(47 52)(49 73)(50 56)(53 54)(60 63)(68 70)(71 74)


Clusters at Iteration K = 44
(6 7 8)( 9 10 11 13 21)(12 14)(16 18)(22 23 26)(29 30 31 32)(34 36)(39 40)(42 45)(44 46)(47 52)(49 73)(50 56)(53 54)(60 63 66)(68 70)(71 74)


Clusters at Iteration K = 43
(6 7 8)( 9 10 11 13 21)(12 14)(16 18)(22 23 26)(29 30 31 32)(34 36)(39 40)(42 45)(44 46)(47 52)(49 73)(50 56)(53 54)(60 62 63 66)(68 70)(71 74)


Clusters at Iteration K = 42
(6 7 8)( 9 10 11 13 21)(12 14)(16 18)(22 23 26)(29 30 31 32)(34 36)(39 40)(42 45 47)(44 46)(49 73)(50 52 56)(53 54)(60 62 63 66)(68 70)(71 74)


Clusters at Iteration K = 41
( 6  7  8  9 10 11)(12 13 14)(16 18)(21 22 23 26)(29 30 31 32)(34 36)(39 40)(42 45 47)(44 46)(49 73)(50 52 56)(53 54)(60 62 63 66)(68 70)(71 74)


Clusters at Iteration K = 40
( 6  7  8  9 10 11)(12 13 14)(16 18)(21 22 23 25 26)(29 30 31 32)(34 36)(39 40)(42 45 47)(44 46)(49 73)(50 52 56)(53 54)(60 62 63 66)(68 70)(71 74)


Clusters at Iteration K = 39
( 6  7  8  9 10 11)(12 13 14)(16 18)(21 22 23 25 26)(29 30 31 32)(34 36)(39 40)(42 45 47)(44 46)(49 71 73 74)(50 52 56)(53 54)(60 62 63 66)(68 70)


Clusters at Iteration K = 38
( 6  7  8  9 10 11)(12 13 14)(16 18)(21 22 23 25 26)(29 30 31 32)(34 36)(39 40)(42 45 47)(44 46)(49 70 71 73 74)(50 52 56)(53 54)(60 62 63 66)(68 69)


Clusters at Iteration K = 37
( 6  7  8  9 10 11 12)(13 14 15)(16 18)(21 22 23 25 26)(29 30 31 32)(34 36)(39 40)(42 45 47)(44 46)(49 70 71 73 74)(50 52 56)(53 54)(60 62 63 66)(68 69)


Clusters at Iteration K = 36
( 6  7  8  9 10 11 12)(13 14 15)(16 18)(21 22 23 25 26)(29 30 31 32)(34 35 36)(39 40)(42 45 47)(44 46)(49 70 71 73 74)(50 52 56)(53 54)(60 62 63 66)(68 69)


Clusters at Iteration K = 35
( 6  7  8  9 10 11 12)(13 14 15)(16 18 21 25)(22 27)(23 26 29 30 31 32)(34 35 36)(39 40)(42 45 47)(44 46)(49 70 71 73 74)(50 52 56)(53 54)(60 62 63 66)(68 69)


Clusters at Iteration K = 34
( 6  7  8  9 10 11 12)(13 14 15)(16 18 21 25)(22 27)(23 26 29 30 31 32)(34 35 36)(39 40)(42 45 47)(44 46)(49 60 62 63 66)(50 52 56)(53 54)(65 71)(68 69 70)(72 73 74)


Clusters at Iteration K = 33
( 6  7  8  9 10 11 12)(13 14 15)(16 18 21 25)(22 27)(23 26 29 30 31 32 33)(34 35 36)(39 40)(42 45 47)(44 46)(49 60 62 63 66)(50 52 56)(53 54)(65 71)(68 69 70)(72 73 74)


Clusters at Iteration K = 32
( 6  7  8  9 10 11 12)(13 14 15)(16 18 21 25)(22 27)(23 26 28 29 30 31 32 33)(34 35 36)(39 40)(42 45 47)(44 46)(49 60 62 63 66)(50 52 56)(53 54)(65 71)(68 69 70)(72 73 74)


Clusters at Iteration K = 31
( 6  7  8  9 10 11 12)(13 14 15)(16 18 21 25)(22 27)(23 26 28 29 30 31 32 33)(34 35 36)(39 40)(42 45 47)(44 46)(49 57 60 62 63 66)(50 52 56)(53 54)(65 71)(68 69 70)(72 73 74)


Clusters at Iteration K = 30
( 6  7  8  9 10 11 12)(13 14 15)(16 18 21 25)(22 27)(23 26 28 29 30 31 32 33)(34 35 36)(39 40)(42 45 47)(44 46)(49 57 58 60 62 63 66)(50 52 56)(53 54)(65 71)(68 69 70)(72 73 74)


Clusters at Iteration K = 29
( 6  7  8  9 10 11 12)(13 14 15)(16 18 21 25)(22 27)(23 26 28 29 30 31 32 33)(34 35 36)(39 40)(42 45 47)(44 46 48)(49 57 58 60 62 63 66)(50 52 56)(53 54)(65 71)(68 69 70)(72 73 74)


Clusters at Iteration K = 28
( 6  7  8  9 10 11 12)(13 14 15)(16 18 21 25)(22 27)(23 26 28 29 30 31 32 33)(34 35 36)(39 40)(42 45 47)(44 46 48)(49 57 58 60 62 63 66)(50 52 56)(53 54)(59 61)(65 71)(68 69 70)(72 73 74)


Clusters at Iteration K = 27
( 6  7  9 11 12 16 18 21 25)( 8 10 13 14 15)(22 27)(23 26 28 29 30 31 32 33)(34 35 36)(39 40)(42 45 47)(44 46 48)(49 57 58 60 62 63 66)(50 52 56)(53 54)(59 61)(65 71)(68 69 70)(72 73 74)


Clusters at Iteration K = 26
( 6  7  9 11 12 16 18 19 21 25)( 8 10 13 14 15)(22 27)(23 26 28 29 30 31 32 33)(34 35 36)(39 40)(42 45 47)(44 46 48)(49 57 58 60 62 63 66)(50 52 56)(53 54)(59 61)(65 71)(68 69 70)(72 73 74)


Clusters at Iteration K = 25
( 6  7  9 11 12 16 18 19 21 25)( 8 10 13 14 15)(22 27)(23 26 28 29 30 31 32 33)(34 35 36)(39 40)(42 45 47)(43 44)(46 49 57 58 60 62 63 66)(48 53 54)(50 52 56)(59 61)(65 71)(68 69 70)(72 73 74)


Clusters at Iteration K = 24
( 6  7  9 11 12 16 18 19 21 25)( 8 10 13 14 15)(22 27)(23 26 28 29 30 31 32 33)(34 35 36)(39 40)(42 45 47)(43 44)(46 49 57 58 60 62 63 66)(48 51 53 54)(50 52 56)(59 61)(65 71)(68 69 70)(72 73 74)


Clusters at Iteration K = 23
( 6  7  9 11 12 16 18 19 21 25)( 8 10 13 14 15)(22 27)(23 26 28 29 30 31 32 33)(34 35 36)(39 40)(42 45 47)(43 44)(46 49 57 58 60 62 63 66)(48 51 53 54)(50 52 56)(59 61)(65 67 71)(68 69 70)(72 73 74)


Clusters at Iteration K = 22
( 6  7  9 11 12 16 18 19 21 25)( 8 10 13 14 15)(22 27)(23 26 28 29 30 31 32 33)(34 35 36 38)(39 40)(42 45 47)(43 44)(46 49 57 58 60 62 63 66)(48 51 53 54)(50 52 56)(59 61)(65 67 71)(68 69 70)(72 73 74)


Clusters at Iteration K = 21
( 6  7  9 11 12 16 18 19 21 25)( 8 10 13 14 15)(22 27)(23 26 28 29 30 31 32 33)(34 35 36 38)(39 40)(42 45 47)(43 44)(46 49 57 58 60 62 63 64 66)(48 51 53 54)(50 52 56)(59 61)(65 67 71)(68 69 70)(72 73 74)


Clusters at Iteration K = 20
( 6  7  9 11 12 16 18 19 21 25)( 8 10 13 14 15)(22 27)(23 26 28 29 30 31 32 33)(34 35 36 38)(39 40)(42 45 47)(43 44)(46 49 57 58 60 62 63 64 65 66 67)(48 51 53 54)(50 52 56)(59 61)(68 69 70)(71 72 73 74)


Clusters at Iteration K = 19
( 6  7  9 11 12 16 18 19 21 25)( 8 10 13 14 15)(22 27)(23 26 28 29 30 31 32 33 34 35 38)(36 37)(39 40)(42 45 47)(43 44)(46 49 57 58 60 62 63 64 65 66 67)(48 51 53 54)(50 52 56)(59 61)(68 69 70)(71 72 73 74)


Clusters at Iteration K = 18
( 6  7  9 11 12 16 18 19 21 25)( 8 10 13 14 15)(22 27)(23 26 28 29 30 31 32 33 34 35 38 39)(36 37 40)(42 45 47)(43 44)(46 49 57 58 60 62 63 64 65 66 67)(48 51 53 54)(50 52 56)(59 61)(68 69 70)(71 72 73 74)


Clusters at Iteration K = 17
( 6  7  9 11 12 16 18 19 21 25)( 8 10 13 14 15)(22 27)(23 26 28 29 30 31 32 33 34 35 38 39)(36 37 40)(42 45 47)(43 44)(46 48 49 51 53 54 57 58 60 62 63 64 65 66 67)(50 52 56)(59 61)(68 69 70)(71 72 73 74)


Clusters at Iteration K = 16
( 6  7  9 11 12 16 18 19 21 25)( 8 10 13 14 15)(17 27)(20 22)(23 26 28 29 30 31 32 33 34 35 38 39)(36 37 40)(42 45 47)(43 44)(46 48 49 51 53 54 57 58 60 62 63 64 65 66 67)(50 52 56)(59 61)(68 69 70)(71 72 73 74)


Clusters at Iteration K = 15
( 6  7  9 11 12 16 18 19 21 25)( 8 10 13 14 15)(17 27)(20 22)(23 26 28 29 30 31 32 33 34 35 38 39)(36 37 40)(42 45 47)(43 44)(46 48 49 51 53 54 57 58 60 62 63 64 65 66 67)(50 52 56)(55 59 61)(68 69 70)(71 72 73 74)


Clusters at Iteration K = 14
( 6  7  9 11 12 16 18 19 21 25)( 8 10 13 14 15)(17 27)(20 22)(23 26 28 29 30 31 32 33 34 35 38 39)(36 37 40)(42 45 47)(43 44)(46 48 49 51 53 54 57 58 60 62 63 64 65 66 67)(50 52 56)(55 59 61)(68 69 70 71 72 73 74)


Clusters at Iteration K = 13
( 6  7  9 11 12 16 18 19 21 25)( 8 10 13 14 15)(17 27)(20 22)(23 26 28 29 30 31 32 33 34 35 38 39)(36 37 40)(42 45 47)(43 44)(46 48 49 51 53 54 57 58 60 62 63 64 65 66 67 68 69 71 72 73 74)(50 52 56)(55 59 61 70)


Clusters at Iteration K = 12
( 6  7  9 11 12 16 18 19 21 25)( 8 10 13 14 15)(17 27)(20 22)(23 26 28 29 30 31 32 33 34 35 38 39 49 51 53 54 74)(36 37 40)(42 45 46 47)(43 44)(48 55 57 58 59 60 61 62 63 64 65 66 67 68 69 70 71 72 73)(50 52 56)


Clusters at Iteration K = 11
( 6  7  9 11 12 16 18 19 21 25)( 8 10 13 14 15)(17 27)(20 22)(23 26 28 29 30 31 32 33 34 35 38 39 49 51 53 54 58 60 62 63 64 65 67 71
 73 74)(36 37 40)(42 45 46 47 48)(43 44)(50 52 55 56 57 59 61 66 68 69 70 72)


Clusters at Iteration K = 10
( 6  7  9 11 12 16 18 19 21 24 25)( 8 10 13 14 15)(17 27)(20 22)(23 26 28 29 30 31 32 33 34 35 38 39 49 51 53 54 58 60 62 63 64 65 67 71
 73 74)(36 37 40)(42 45 46 47 48)(43 44)(50 52 55 56 57 59 61 66 68 69 70 72)


Clusters at Iteration K = 9
( 6  7  9 11 12 16 18 19 21 24 25)( 8 10 13 14 15)(17 27)(20 22 57)(23 26 28 29 30 31 32 33 34 35 38 39 49 51 53 54 58 60 62 63 64 65 67 71
 72 73 74)(36 37 40)(41 52)(42 45 46 47 48 55 66)(43 44 50 56 59 61 68 69 70)


Clusters at Iteration K = 8
( 6  7  9 11 12 16 18 19 21 24 25)( 8 10 13 14 15)(17 27)(20 22 57)(23 26 28 29 30 31 32 33 34 35 36 38 39 40 49 51 53 54 58 60 62 63 64 65
 67 71 72 73 74)(37 41 52)(42 45 46 47 48 55 66)(43 44 50 56 59 61 68 69 70)


Clusters at Iteration K = 7
( 6  7  8  9 10 11 12 13 14 16 18 19 21 24 25)(15 17 27)(20 22 57)(23 26 28 29 30 31 32 33 34 35 36 38 39 40 49 51 53 54 58 60 62 63 64 65
 67 71 72 73 74)(37 41 52)(42 45 46 47 48 55 66)(43 44 50 56 59 61 68 69 70)


Clusters at Iteration K = 6
( 6  7  8  9 10 11 12 13 14 15 16 17 18 19 21 24 25 27)(20 22 57)(23 26 28 29 30 31 32 33 34 35 36 38 39 40 49 51 53 54 58 60 62 63 64 65
 67 71 72 73 74)(37 41 52)(42 45 46 47 48 55 66)(43 44 50 56 59 61 68 69 70)


Clusters at Iteration K = 5
( 6  7  8  9 10 11 12 13 14 15 16 17 18 19 21 24 25 27)(20 22 57)(23 26 28 29 30 31 32 33 34 35 36 38 39 40 45 46 49 51 53 54 55 58 60 62
 63 64 65 66 67 71 72 73 74)(37 41 42 52)(43 44 47 48 50 56 59 61 68 69 70)


Clusters at Iteration K = 4
( 6  7  8  9 10 11 12 13 14 15 16 17 18 19 21 24 25 27)(20 22 57)(23 26 28 29 30 31 32 33 34 35 36 37 38 39 40 45 46 49 51 53 54 55 58 60
 62 63 64 65 66 67 71 72 73 74)(41 42 43 44 47 48 50 52 56 59 61 68 69 70)


Clusters at Iteration K = 3
( 6  7  8  9 10 11 12 13 14 15 16 17 18 19 21 23 24 25 26 27 28 29 31 32
 33 34 35 36 37 38 39 46 49 51 54 55 58 60 62 63 64 65 66 67 71 72 73 74)(20 22 53 57)(30 40 41 42 43 44 45 47 48 50 52 56 59 61 68 69 70)


Clusters at Iteration K = 2
( 6  7  8  9 10 11 12 13 14 15 16 17 18 19 20 21 22 23 24 25 26 27 28 29
 31 32 33 34 35 36 37 38 39 46 49 51 53 54 55 57 58 60 62 63 64 65 66 67
 71 72 73 74)(30 40 41 42 43 44 45 47 48 50 52 56 59 61 68 69 70)

