
[
(0.47547948313100225, array([11, 10])), 
(0.4659731154480752, array([70, 68])), 
(0.4623659028924782, array([36, 34])), 
(0.4338483200634547, array([14, 12])), 
(0.42806771593727205, array([23, 26])), 
(0.42300421246773695, array([31, 32])), 
(0.4044819552838136, array([18, 16])), 
(0.38680926269726235, array([39, 40])), 
(0.38502892954812856, array([46, 44])), 
(0.37725486899551347, array([56, 50])), 
(0.3725656613267816, array([29, 30])), 
(0.3411470706312075, array([21, 22])), 
(0.3401443175241341, array([73, 72, 74])), 
(0.2988013400267014, array([7, 6, 8])), 
(0.26990899361505494, array([34, 36, 38])), 
(0.2645521435249287, array([13, 18, 20])), 
(0.24492579356784241, array([50, 52, 56])), 
(0.23236784822339604, array([25, 24, 28])), 
(0.18418094089391746, array([49, 42, 46, 48])), 
(0.1270779990196697, array([63, 54, 58, 60, 62, 64, 66]))
]
