Discovered Pairwise Associations: 
(11 10)(12 14)(14 12)(18 16)(21 22)(23 26)(29 30)(31 32)(36 34)(39 40)(46 44)(56 50)(68 70)(70 68)


After duplicates removed based on SR(Mode) Value
(11 10)(14 12)(18 16)(21 22)(23 26)(29 30)(31 32)(36 34)(39 40)(46 44)(56 50)(70 68)

Starting List at K = 57
(11 10)(14 12)(18 16)(21 22)(23 26)(29 30)(31 32)(36 34)(39 40)(46 44)(56 50)(70 68)(6)(7)(8)(9)(13)(15)(17)(19)(20)(24)(25)(27)(28)(33)(35)(37)(38)(41)(42)(43)(45)(47)(48)(49)(51)(52)(53)(54)(55)(57)(58)(59)(60)(61)(62)(63)(64)(65)(66)(67)(69)(71)(72)(73)(74)


Clusters at Iteration K = 56
(10 11)(12 14)(16 18)(21 22)(23 26)(29 30)(31 32)(34 36)(39 40)(44 46)(50 56)(65 71)(68 70)


Clusters at Iteration K = 55
(10 11)(12 14)(16 18)(21 22)(23 26)(29 30)(31 32)(34 36)(39 40)(42 49)(44 46)(50 56)(65 71)(68 70)


Clusters at Iteration K = 54
(10 11)(12 14)(16 18)(21 22)(23 26)(29 30)(31 32)(34 36)(39 40)(42 49)(44 46)(50 56)(65 68 71)(70 73)


Clusters at Iteration K = 53
( 9 10 11)(12 14)(16 18)(21 22)(23 26)(29 30)(31 32)(34 36)(39 40)(42 49)(44 46)(50 56)(65 68 71)(70 73)


Clusters at Iteration K = 52
( 9 10 11)(12 14)(16 18)(21 22)(23 26)(29 30)(31 32)(34 36)(39 40)(42 49)(44 46)(50 56)(63 66)(65 68 71)(70 73)


Clusters at Iteration K = 51
( 9 10 11)(12 14)(16 18)(21 22)(23 26)(29 30)(31 32)(34 36)(39 40)(42 49)(44 46)(50 56)(63 66)(65 68 71)(70 73 74)


Clusters at Iteration K = 50
( 9 10 11)(12 14)(16 18 19)(21 22)(23 26)(29 30)(31 32)(34 36)(39 40)(42 49)(44 46)(50 56)(63 66)(65 68 71)(70 73 74)


Clusters at Iteration K = 49
( 9 10 11)(12 14)(16 18 19)(21 22)(23 26)(29 30)(31 32)(34 36)(39 40)(42 49)(44 46)(50 56)(63 64 66)(65 68 71)(70 73 74)


Clusters at Iteration K = 48
( 9 10 11)(12 14)(13 16 18)(19 24)(21 22)(23 26)(29 30)(31 32)(34 36)(39 40)(42 49)(44 46)(50 56)(63 64 66)(65 68 71)(70 73 74)


Clusters at Iteration K = 47
( 9 10 11)(12 14)(13 16 18)(19 24)(21 22)(23 26)(29 30)(31 32)(34 36)(39 40)(42 49)(44 46)(50 56)(59 61)(63 64 66)(65 68 71)(70 73 74)


Clusters at Iteration K = 46
( 9 10 11)(12 14)(13 16 18)(19 24)(21 22)(23 26)(29 30)(31 32)(34 36)(39 40)(42 49)(44 46)(50 56)(59 61)(63 64 66)(65 68 70 71 73 74)


Clusters at Iteration K = 45
( 9 10 11)(12 14)(13 16 18)(19 24)(21 22)(23 26)(29 30)(31 32)(34 36)(39 40)(42 48 49)(44 46)(50 56)(59 61)(63 64 66)(65 68 70 71 73 74)


Clusters at Iteration K = 44
( 9 10 11)(12 14)(13 16 18)(19 24)(21 22)(23 26)(29 30)(31 32)(34 36)(39 40)(42 48 49)(44 46)(50 56)(53 54)(59 61)(63 64 66)(65 68 70 71 73 74)


Clusters at Iteration K = 43
( 9 10 11)(12 14)(13 16 18)(19 24)(21 22)(23 26)(29 30)(31 32)(34 36)(39 40)(42 48 49)(44 45 46)(50 56)(53 54)(59 61)(63 64 66)(65 68 70 71 73 74)


Clusters at Iteration K = 42
( 9 10 11)(12 14)(13 16 18)(19 24)(21 22)(23 26)(29 30)(31 32)(34 36 37)(39 40)(42 48 49)(44 45 46)(50 56)(53 54)(59 61)(63 64 66)(65 68 70 71 73 74)


Clusters at Iteration K = 41
( 9 10 11 13 18)(12 14 16)(19 24)(21 22)(23 26)(29 30)(31 32)(34 36 37)(39 40)(42 48 49)(44 45 46)(50 56)(53 54)(59 61)(63 64 66)(65 68 70 71 73 74)


Clusters at Iteration K = 40
( 7 11)( 8  9 10)(12 13 14 16)(18 25)(19 24)(21 22)(23 26)(29 30)(31 32)(34 36 37)(39 40)(42 48 49)(44 45 46)(50 56)(53 54)(59 61)(63 64 66)(65 68 70 71 73 74)


Clusters at Iteration K = 39
( 7 11)( 8  9 10)(12 13 14 16)(18 25)(19 24)(21 22)(23 26)(29 30 31 32)(34 36 37)(39 40)(42 48 49)(44 45 46)(50 56)(53 54)(59 61)(63 64 66)(65 68 70 71 73 74)


Clusters at Iteration K = 38
( 7 11)( 8  9 10)(12 13 14 16)(18 25)(19 24)(21 22)(23 26)(29 30 31 32)(34 36 37)(39 40)(42 48 49)(44 45 46)(50 56)(53 54 57)(59 61)(63 64 66)(65 68 70 71 73 74)


Clusters at Iteration K = 37
( 7 11)( 8  9 10)(12 13 14 16)(18 25 28)(19 24)(21 22)(23 26)(29 30 31 32)(34 36 37)(39 40)(42 48 49)(44 45 46)(50 56)(53 54 57)(59 61)(63 64 66)(65 68 70 71 73 74)


Clusters at Iteration K = 36
( 7 11)( 8  9 10)(12 13 14 16)(18 25 28)(19 24)(21 22)(23 26)(29 30 31 32)(34 36 37)(39 40)(42 48 49)(44 45 46)(50 56)(53 54 57)(59 60 61)(63 64 66)(65 68 70 71 73 74)


Clusters at Iteration K = 35
( 7 11)( 8  9 10)(12 13 14 16)(18 25 28)(19 24)(21 22 23 26)(29 30 31 32)(34 36 37)(39 40)(42 48 49)(44 45 46)(50 56)(53 54 57)(59 60 61)(63 64 66)(65 68 70 71 73 74)


Clusters at Iteration K = 34
( 7 11)( 8  9 10)(12 13 14 15 16)(18 25 28)(19 24)(21 22 23 26)(29 30 31 32)(34 36 37)(39 40)(42 48 49)(44 45 46)(50 56)(53 54 57)(59 60 61)(63 64 66)(65 68 70 71 73 74)


Clusters at Iteration K = 33
( 7 11)( 8  9 10)(12 13 14 15 16)(18 25 28)(19 24)(21 22 23 26)(29 30 31 32)(34 36 37)(39 40)(42 48 49)(44 45 46)(50 56)(53 54 57)(59 60 61)(63 64 66)(65 68 69 70 71 73 74)


Clusters at Iteration K = 32
( 7 11)( 8  9 10)(12 13 14 15 16)(18 25 28)(19 24)(21 22 23 26)(29 30 31 32)(34 36 37)(39 40)(42 48 49 58)(44 45 46)(50 56)(53 54 57)(59 60 61)(63 64 66)(65 68 69 70 71 73 74)


Clusters at Iteration K = 31
( 7 11)( 8  9 10 12 13 14)(15 17)(16 21 22 23 26)(18 25 28)(19 24)(29 30 31 32)(34 36 37)(39 40)(42 48 49 58)(44 45 46)(50 56)(53 54 57)(59 60 61)(63 64 66)(65 68 69 70 71 73 74)


Clusters at Iteration K = 30
( 7 11)( 8  9 10 12 13 14)(15 17)(16 20 21 22 23 26)(18 25 28)(19 24)(29 30 31 32)(34 36 37)(39 40)(42 48 49 58)(44 45 46)(50 56)(53 54 57)(59 60 61)(63 64 66)(65 68 69 70 71 73 74)


Clusters at Iteration K = 29
( 7 11)( 8  9 10 12 13 14)(15 17)(16 20 21 22 23 26)(18 25 28)(19 24)(29 30 31 32)(34 36 37)(39 40)(42 48 49 52 58)(44 45 46)(50 56)(53 54 57)(59 60 61)(63 64 66)(65 68 69 70 71 73 74)


Clusters at Iteration K = 28
( 7 11)( 8  9 10 12 13 14)(15 17)(16 20 21 22 23 26)(18 25 28)(19 24)(29 30 31 32 33)(34 36 37)(39 40)(42 48 49 52 58)(44 45 46)(50 56)(53 54 57)(59 60 61)(63 64 66)(65 68 69 70 71 73 74)


Clusters at Iteration K = 27
( 7 11)( 8  9 10 12 13 14)(15 17)(16 20 21 22 23 26)(18 25 28)(19 24)(29 30 31 32 33)(34 36 37)(39 40)(41 42)(44 45 46 48)(47 52)(49 58 65 68 69 70 71 73 74)(50 56)(53 54 57)(59 60 61)(63 64 66)


Clusters at Iteration K = 26
( 7 11)( 8  9 10 12 13 14)(15 17)(16 20 21 22 23 26)(18 25 28)(19 24)(29 30 31 32 33)(34 36 37)(39 40)(41 42)(44 45 46 48)(47 52)(49 58 65 68 69 70 71 73 74)(50 56)(53 54 57)(59 60 61)(62 63 64 66)


Clusters at Iteration K = 25
( 7 11)( 8  9 10 12 13 14)(15 17)(16 18 20 21 23 25 26 28)(19 24)(22 27)(29 30 31 32 33)(34 36 37)(39 40)(41 42)(44 45 46 48)(47 52)(49 58 65 68 69 70 71 73 74)(50 56)(53 54 57)(59 60 61)(62 63 64 66)


Clusters at Iteration K = 24
( 7 11)( 8  9 10 12 13 14)(15 17)(16 18 20 21 23 25 26 28)(19 24)(22 27)(29 30 31 32 33)(34 36 37 42)(39 40)(41 43)(44 45 46 48)(47 52)(49 58 65 68 69 70 71 73 74)(50 56)(53 54 57)(59 60 61)(62 63 64 66)


Clusters at Iteration K = 23
( 7 11)( 8  9 10 12 13 14)(15 17)(16 18 20 21 23 25 26 28)(19 24)(22 27)(29 30 31 32 33 34 36 37)(39 40)(41 43)(42 62 63 64 66)(44 45 46 48)(47 52)(49 58 65 68 69 70 71 73 74)(50 56)(53 54 57)(59 60 61)


Clusters at Iteration K = 22
( 7 11)( 8  9 10 12 13 14)(15 17)(16 18 20 21 23 25 26 28)(19 24)(22 27)(29 30 31 32 33 34 36 37)(39 40)(41 43)(42 53 54 57 63)(44 45 46 48)(47 52)(49 58 65 68 69 70 71 73 74)(50 56)(59 60 61 62 64)(66 72)


Clusters at Iteration K = 21
( 7 11)( 8  9 10 12 13 14)(15 17)(16 18 20 21 23 25 26 28)(19 24)(22 27)(29 30 31 32 33 34 36 37 39)(40 49 58 65 68 69 70 71 73 74)(41 43)(42 53 54 57 63)(44 45 46 48)(47 52)(50 56)(59 60 61 62 64)(66 72)


Clusters at Iteration K = 20
( 7 11)( 8  9 10 12 13 14 16 18)(15 17)(19 24)(20 21 23 25 26 28 29 30 31 32 33 34 36 37 39)(22 27)(40 49 58 65 68 69 70 71 73 74)(41 43)(42 53 54 57 63)(44 45 46 48)(47 52)(50 56)(59 60 61 62 64)(66 72)


Clusters at Iteration K = 19
( 7  8  9 10 11 12 13 14 18)(15 16 17)(19 24)(20 21 23 25 26 28 29 30 31 32 33 34 36 37 39)(22 27)(40 49 58 65 68 69 70 71 73 74)(41 43)(42 53 54 57 63)(44 45 46 48)(47 52)(50 56)(59 60 61 62 64)(66 72)


Clusters at Iteration K = 18
( 7  8  9 10 11 12 13 14 18)(15 16 17)(19 24)(20 21 23 25 26 28 29 30 31 32 33 34 36 37 38 39)(22 27)(40 49 58 65 68 69 70 71 73 74)(41 43)(42 53 54 57 63)(44 45 46 48)(47 52)(50 56)(59 60 61 62 64)(66 72)


Clusters at Iteration K = 17
( 7  8  9 10 11 12 13 14 18)(15 16 17)(19 24)(20 21 23 25 26 28 29 30 31 32 33 34 36 37 38 39)(22 27)(40 49 58 65 67 68 69 70 71 73 74)(41 43)(42 53 54 57 63)(44 45 46 48)(47 52)(50 56)(59 60 61 62 64)(66 72)


Clusters at Iteration K = 16
( 7  8  9 10 11 12 13 14 18)(15 16 17)(19 24)(20 21 23 25 26 28 29 30 31 32 33 34 35 36 37 38 39)(22 27)(40 49 58 65 67 68 69 70 71 73 74)(41 43)(42 53 54 57 63)(44 45 46 48)(47 52)(50 56)(59 60 61 62 64)(66 72)


Clusters at Iteration K = 15
( 7  8  9 10 11 12 13 14 18)(15 16 17)(19 24)(20 21 23 25 26 28 29 30 31 32 33 34 35 36 37 38 39)(22 27)(40 49 58 65 67 68 69 70 71 73 74)(41 43 44)(42 46 48 53 54 57 63)(45 47 52)(50 56)(59 60 61 62 64)(66 72)


Clusters at Iteration K = 14
( 7  8  9 10 11 12 13 14 18)(15 16 17)(19 24)(20 21 23 25 26 28 29 30 31 32 33 34 35 36 37 38 39)(22 27)(40 49 58 65 67 68 69 70 71 73 74)(41 43 44)(42 46 48 51 53 54 57 63)(45 47 52)(50 56)(59 60 61 62 64)(66 72)


Clusters at Iteration K = 13
( 7  8  9 10 11 12 13 14 18)(15 16 17)(19 24)(20 21 23 25 26 28 29 30 31 32 33 34 35 36 37 38 39)(22 27)(40 49 58 65 67 68 69 70 71 73 74)(41 43 44 50)(42 46 48 51 53 54 56 57 63)(45 47 52)(59 60 61 62 64)(66 72)


Clusters at Iteration K = 12
( 7  8  9 10 11 12 13 14 16 17 18)(15 20 21 23 25 26 28 29 30 31 32 33 34 35 36 37 38 39)(19 24)(22 27)(40 49 58 65 67 68 69 70 71 73 74)(41 43 44 50)(42 46 48 51 53 54 56 57 63)(45 47 52)(59 60 61 62 64)(66 72)


Clusters at Iteration K = 11
( 7  8  9 10 11 12 13 14 16 17 18)(15 20 21 23 25 26 28 29 30 31 32 33 34 35 36 37 38 39 41)(19 24)(22 27)(40 44 49 58 65 67 68 69 70 71 73 74)(42 46 48 51 53 54 56 57 63)(43 45 47 50 52)(59 60 61 62 64)(66 72)


Clusters at Iteration K = 10
( 7  8  9 10 11 12 13 14 16 17 18)(15 20 21 23 25 26 28 29 30 31 32 33 34 35 36 37 38 39 41 43)(19 24)(22 27)(40 44 49 58 65 67 68 69 70 71 73 74)(42 45 46 48 50 51 52 53 54 56 57 63)(47 55)(59 60 61 62 64)(66 72)


Clusters at Iteration K = 9
( 7  8  9 10 11 12 13 14 16 17 18)(15 20 21 23 25 26 28 29 30 31 32 33 34 35 36 37 38 39 41 43 45)(19 24)(22 27)(40 42 44 46 48 49 58 65 67 68 69 70 71 73 74)(47 52 55)(50 51 56 66 72)(53 54 57 59 60 61 62 63 64)


Clusters at Iteration K = 8
( 7  8  9 10 11 12 13 14 15 16 17 18 21)(19 20 24 25 28)(22 23 26 27 30 41)(29 31 33 34 35 36 37 38 40 42 43 44 45 46 48 49 58 65 67 68 69 70 71 73
 74)(32 53 54 57 59 60 61 62 63 64)(39 50 51 56 66 72)(47 52 55)


Clusters at Iteration K = 7
( 7  8  9 10 11 12 13 14 15 16 17 18 21)(19 20 24 25 28)(22 23 26 27 30 41)(29 31 33 34 35 36 37 38 40 42 43 44 45 46 48 49 58 65 67 68 69 70 71 73
 74)(32 47 52 53 54 55 57 59 60 61 62 63 64)(39 50 51 56 66 72)


Clusters at Iteration K = 6
( 7  8  9 10 11 12 13 14 15 16 17 18 21)(19 20 24 25 28)(22 23 26 27 30 41)(29 31 33 34 35 36 37 38 39 40 42 43 44 45 46 48 49 58 65 66 67 68 69 70
 71 72 73 74)(32 47 50 51 52 53 54 55 56 57 59 60 61 62 63 64)


Clusters at Iteration K = 5
( 7  8  9 10 11 12 13 14 15 16 17 18 19 20 21 25)(22 23 26 27 30 41)(24 28 29 31 33 34 35 36 37 38 39 40 42 43 44 45 46 48 49 58 65 66 67 68
 69 70 71 72 73 74)(32 47 50 51 52 53 54 55 56 57 59 60 61 62 63 64)


Clusters at Iteration K = 4
( 7  8  9 10 11 12 13 14 15 16 17 18 19 20 21 24 25 31 34 35 43)(22 23 26 27 30 41)(28 29 32 33 36 37 38 39 40 42 44 45 46 47 48 49 50 51 52 53 54 55 56 57
 58 59 60 61 62 63 64 65 66 67 68 69 70 71 72 73 74)


Clusters at Iteration K = 3
( 7  8  9 10 11 12 13 14 15 16 17 18 19 20 21 22 23 24 25 26 27 30 31 34
 35 43)(28 29 32 33 36 37 38 39 40 41 42 44 45 46 47 48 49 50 51 52 53 54 55 56
 57 58 59 60 61 62 63 64 65 66 67 68 69 70 71 72 73 74)


Clusters at Iteration K = 2
( 6  7  8  9 10 11 12 13 14 15 16 17 18 19 20 21 22 23 24 25 26 27 30 31
 34 35 43)(28 29 32 33 36 37 38 39 40 41 42 44 45 46 47 48 49 50 51 52 53 54 55 56
 57 58 59 60 61 62 63 64 65 66 67 68 69 70 71 72 73 74)

