Discovered Pairwise Associations: 
(11 10)(12 14)(14 12)(18 16)(21 22)(23 26)(29 30)(31 32)(36 34)(39 40)(46 44)(56 50)(68 70)(70 68)


After duplicates removed based on SR(Mode) Value
(11 10)(14 12)(18 16)(21 22)(23 26)(29 30)(31 32)(36 34)(39 40)(46 44)(56 50)(70 68)

Starting List at K = 57
(11 10)(14 12)(18 16)(21 22)(23 26)(29 30)(31 32)(36 34)(39 40)(46 44)(56 50)(70 68)(6)(7)(8)(9)(13)(15)(17)(19)(20)(24)(25)(27)(28)(33)(35)(37)(38)(41)(42)(43)(45)(47)(48)(49)(51)(52)(53)(54)(55)(57)(58)(59)(60)(61)(62)(63)(64)(65)(66)(67)(69)(71)(72)(73)(74)


Clusters at Iteration K = 56
(10 11)(12 14)(16 18)(21 22)(23 26)(29 30)(31 32 33)(34 36)(39 40)(44 46)(50 56)(68 70)


Clusters at Iteration K = 55
(10 11)(12 14)(16 18)(21 22)(23 26)(29 30)(31 32 33)(34 35 36)(39 40)(44 46)(50 56)(68 70)


Clusters at Iteration K = 54
(10 11)(12 14)(15 17)(16 18)(21 22)(23 26)(29 30)(31 32 33)(34 35 36)(39 40)(44 46)(50 56)(68 70)


Clusters at Iteration K = 53
(10 11)(12 14)(15 17)(16 18)(21 22)(23 26)(29 30)(31 32 33)(34 35 36)(39 40)(44 46)(50 56)(68 71)(70 73)


Clusters at Iteration K = 52
(10 11)(12 14)(15 17)(16 18)(21 22)(23 26)(29 30)(31 32 33)(34 35 36)(39 40)(44 46)(50 56)(58 63)(68 71)(70 73)


Clusters at Iteration K = 51
(10 11)(12 14)(15 17)(16 18)(21 22)(23 26)(29 30)(31 32 33)(34 35 36)(39 40)(44 46)(50 56)(53 54)(58 63)(68 71)(70 73)


Clusters at Iteration K = 50
(10 11)(12 14)(15 17)(16 18)(21 22)(23 26)(29 30 31 32 33)(34 35 36)(39 40)(44 46)(50 56)(53 54)(58 63)(68 71)(70 73)


Clusters at Iteration K = 49
(10 11)(12 14)(15 17)(16 18)(21 22)(23 26)(29 30 31 32 33)(34 35 36)(39 40)(44 46)(48 49)(50 56)(53 54)(58 63)(68 71)(70 73)


Clusters at Iteration K = 48
(10 11)(12 14)(15 17)(16 18)(21 22)(23 26)(29 30 31 32 33)(34 35 36)(39 40)(41 43)(44 46)(48 49)(50 56)(53 54)(58 63)(68 71)(70 73)


Clusters at Iteration K = 47
(10 11)(12 14)(15 17)(16 18)(21 22)(23 26)(29 30 31 32 33)(34 35 36)(39 40)(41 43)(44 46)(48 49)(50 56)(53 54)(58 63)(59 60)(68 71)(70 73)


Clusters at Iteration K = 46
(10 11)(12 14)(15 17)(16 18)(21 22)(23 26)(29 30 31 32 33)(34 35 36)(39 40)(41 43)(44 46)(48 49)(50 56)(53 54)(58 63)(59 60)(68 71)(70 72 73)


Clusters at Iteration K = 45
(7 8)(10 11)(12 14)(15 17)(16 18)(21 22)(23 26)(29 30 31 32 33)(34 35 36)(39 40)(41 43)(44 46)(48 49)(50 56)(53 54)(58 63)(59 60)(68 71)(70 72 73)


Clusters at Iteration K = 44
(7 8)(10 11)(12 14)(15 17)(16 18)(21 22)(23 25 26)(29 30 31 32 33)(34 35 36)(39 40)(41 43)(44 46)(48 49)(50 56)(53 54)(58 63)(59 60)(68 71)(70 72 73)


Clusters at Iteration K = 43
(7 8)(10 11)(12 14)(15 17)(16 18 19)(21 22)(23 25 26)(29 30 31 32 33)(34 35 36)(39 40)(41 43)(44 46)(48 49)(50 56)(53 54)(58 63)(59 60)(68 71)(70 72 73)


Clusters at Iteration K = 42
(6 7 8)(10 11)(12 14)(15 17)(16 18 19)(21 22)(23 25 26)(29 30 31 32 33)(34 35 36)(39 40)(41 43)(44 46)(48 49)(50 56)(53 54)(58 63)(59 60)(68 71)(70 72 73)


Clusters at Iteration K = 41
(6 7 8)( 9 10 11)(12 14)(15 17)(16 18 19)(21 22)(23 25 26)(29 30 31 32 33)(34 35 36)(39 40)(41 43)(44 46)(48 49)(50 56)(53 54)(58 63)(59 60)(68 71)(70 72 73)


Clusters at Iteration K = 40
(6 7 8)( 9 10 11)(12 14)(15 17)(16 18 19)(21 22)(23 25 26)(29 30 31 32 33)(34 35 36)(39 40)(41 43)(44 46)(48 49)(50 56)(53 54)(57 58 63)(59 60)(68 71)(70 72 73)


Clusters at Iteration K = 39
(6 7 8)( 9 10 11)(12 14)(15 17)(16 18 19)(21 22)(23 25 26)(29 30 31 32 33)(34 35 36)(39 40)(41 43)(44 46)(48 49)(50 56)(53 54)(57 58 60 63)(59 61)(68 71)(70 72 73)


Clusters at Iteration K = 38
(6 7 8)( 9 10 11)(12 14)(15 17)(16 18 19)(21 22)(23 25 26)(29 30 31 32 33)(34 35 36)(39 40)(41 43)(44 46)(48 49)(50 56)(53 54)(57 58 60 63)(59 61)(65 67)(68 71)(70 72 73)


Clusters at Iteration K = 37
(6 7 8)( 9 10 11)(12 13 14)(15 17)(16 18 19)(21 22)(23 25 26)(29 30 31 32 33)(34 35 36)(39 40)(41 43)(44 46)(48 49)(50 56)(53 54)(57 58 60 63)(59 61)(65 67)(68 71)(70 72 73)


Clusters at Iteration K = 36
( 6  7  8  9 10 11)(12 13 14)(15 17)(16 18 19)(21 22)(23 25 26)(29 30 31 32 33)(34 35 36)(39 40)(41 43)(44 46)(48 49)(50 56)(53 54)(57 58 60 63)(59 61)(65 67)(68 71)(70 72 73)


Clusters at Iteration K = 35
( 6  7  8  9 10 11)(12 13 14)(15 17)(16 18 19)(21 22)(23 25 26)(28 29 30 31 32 33)(34 35 36)(39 40)(41 43)(44 46)(48 49)(50 56)(53 54)(57 58 60 63)(59 61)(65 67)(68 71)(70 72 73)


Clusters at Iteration K = 34
( 6  7  8  9 10 11)(12 13 14)(15 17)(16 18 19)(21 22)(23 25 26)(28 29 30 31 32 33)(34 35 36)(39 40)(41 43)(44 46 48)(49 70 72 73)(50 56)(53 54)(57 58 60 63)(59 61)(65 67)(68 71)


Clusters at Iteration K = 33
( 6  7  8  9 10 11)(12 13 14)(15 17)(16 18 19)(21 22)(23 25 26)(28 29 30 31 32 33)(34 35 36)(39 40)(41 43)(44 46 48)(49 70 72 73)(50 56)(53 54)(57 58 60 62 63)(59 61)(65 67)(68 71)


Clusters at Iteration K = 32
( 6  7  8  9 10 11)(12 13 14)(15 17)(16 18 19)(21 22)(23 25 26)(28 29 30 31 32 33 34 35)(36 37)(39 40)(41 43)(44 46 48)(49 70 72 73)(50 56)(53 54)(57 58 60 62 63)(59 61)(65 67)(68 71)


Clusters at Iteration K = 31
( 6  7  8  9 10 11)(12 13 14)(15 17)(16 18 19)(21 22)(23 25 26)(28 29 30 31 32 33 34 35)(36 37)(39 40)(41 43)(44 46 48)(49 70 72 73)(50 56)(51 53 54)(57 58 60 62 63)(59 61)(65 67)(68 71)


Clusters at Iteration K = 30
( 6  7  8  9 10 11)(12 13 14)(15 17)(16 18 19)(21 22)(23 25 26)(28 29 30 31 32 33 34 35 38)(36 37)(39 40)(41 43)(44 46 48)(49 70 72 73)(50 56)(51 53 54)(57 58 60 62 63)(59 61)(65 67)(68 71)


Clusters at Iteration K = 29
( 6  7  8  9 10 11)(12 13 14)(15 17)(16 18 19)(21 22)(23 25 26)(28 29 30 31 32 33 34 35 38)(36 37)(39 40)(41 43)(44 46 48)(47 52)(49 70 72 73)(50 56)(51 53 54)(57 58 60 62 63)(59 61)(65 67)(68 71)


Clusters at Iteration K = 28
( 6  7  8  9 10 11)(12 13 14)(15 17)(16 18 19)(21 22)(23 25 26)(28 29 30 31 32 33 34 35 38)(36 37)(39 40)(41 43)(44 46 48)(47 52)(49 70 72 73)(50 56)(51 53 54)(57 58 60 62 63 64)(59 61)(65 67)(68 71)


Clusters at Iteration K = 27
( 6  7  8  9 10 11)(12 13 14)(15 17)(16 18 19)(21 22)(23 25 26)(28 29 30 31 32 33 34 35 38)(36 37)(39 40)(41 43)(44 46 48)(47 52)(49 70 72 73)(50 56)(51 53 54)(57 58 60 61 62 63 64)(59 65 67)(68 71)


Clusters at Iteration K = 26
( 6  7  8  9 10 11)(12 13 14)(15 17)(16 18 19)(21 22)(23 25 26)(28 29 30 31 32 33 34 35 38)(36 37)(39 40)(41 43)(42 45)(44 46 48)(47 52)(49 70 72 73)(50 56)(51 53 54)(57 58 60 61 62 63 64)(59 65 67)(68 71)


Clusters at Iteration K = 25
( 6  7  8  9 10 11)(12 13 14)(15 17)(16 18 19)(21 22)(23 25 26)(28 29 30 31 32 33 34 35 38)(36 37)(39 40)(41 43)(42 45)(44 46 48)(47 52)(49 70 72 73)(50 56)(51 53 54 57 58 60 61 62 63 64)(59 65 67)(68 71)


Clusters at Iteration K = 24
( 6  7  8  9 10 11)(12 13 14)(15 17)(16 18 19)(21 22)(23 25 26)(28 29 30 31 32 33 34 35 38)(36 37)(39 40)(41 43)(42 45)(44 46 48)(47 52)(49 70 72 73)(50 56)(51 53 54 57 58 60 61 62 63 64)(55 59 65 67)(68 71)


Clusters at Iteration K = 23
( 6  7  8  9 10 11)(12 13 14)(15 17)(16 18 19 25)(21 22 23 26)(28 29 30 31 32 33 34 35 38)(36 37)(39 40)(41 43)(42 45)(44 46 48)(47 52)(49 70 72 73)(50 56)(51 53 54 57 58 60 61 62 63 64)(55 59 65 67)(68 71)


Clusters at Iteration K = 22
( 6  7  8  9 10 11)(12 13 14)(15 17)(16 18 19 25)(21 22 23 26)(28 29 30 31 32 33 34 35 38)(36 37)(39 40)(41 43)(42 45)(44 46 48)(47 52)(49 67 70 72 73)(50 56)(51 53 54 57 58 59 60 61 62 63 64)(55 65 68 71)


Clusters at Iteration K = 21
( 6  7  8  9 10 11)(12 13 14)(15 17 28)(16 18 19 25)(21 22 23 26 29 33 34)(30 41 43)(31 32 38 39 40)(35 36 37)(42 45)(44 46 48)(47 52)(49 67 70 72 73)(50 56)(51 53 54 57 58 59 60 61 62 63 64)(55 65 68 71)


Clusters at Iteration K = 20
( 6  7  8  9 10 11)(12 13 14)(15 17 28)(16 18 19 25)(21 22 23 26 29 33 34)(27 30)(31 32 38 39 40)(35 36 37 41)(42 45)(43 50 56)(44 46 48)(47 52)(49 67 70 72 73)(51 53 54 57 58 59 60 61 62 63 64)(55 65 68 71)


Clusters at Iteration K = 19
( 6  7  8  9 10 11)(12 13 14 15 17)(16 18 19 25 28)(21 22 23 26 29 33 34)(27 30)(31 32 38 39 40)(35 36 37 41)(42 45)(43 50 56)(44 46 48)(47 52)(49 67 70 72 73)(51 53 54 57 58 59 60 61 62 63 64)(55 65 68 71)


Clusters at Iteration K = 18
( 6  7  8  9 10 11)(12 13 14 15 17)(16 18 19 25 28)(21 22 23 26 29 33 34)(27 30)(31 32 38 39 40)(35 36 37 41)(42 49 67 70 72 73)(43 50 56)(44 45 46 48)(47 52)(51 53 54 57 58 59 60 61 62 63 64)(55 65 68 71)


Clusters at Iteration K = 17
( 6  7  8  9 10 11)(12 13 14 15 17)(16 18 19 25 28)(21 22 23 26 29 33 34)(27 30)(31 32 38 39 40)(35 36 37 41)(42 49 67 70 72 73)(43 50 52 56)(44 45 46 47 48)(51 53 54 57 58 59 60 61 62 63 64)(55 65 68 71)


Clusters at Iteration K = 16
( 6  7  8  9 10 11)(12 13 14 15 17)(16 18 19 25 28)(21 22 23 26 29 33 34 35)(27 30)(31 32 37 38 39 40 41)(36 55 65 68 71)(42 49 67 70 72 73)(43 50 52 56)(44 45 46 47 48)(51 53 54 57 58 59 60 61 62 63 64)


Clusters at Iteration K = 15
( 6  7  8  9 10 11)(12 13 14 15 17)(16 18 19 20 25 28)(21 22 23 26 29 33 34 35)(27 30)(31 32 37 38 39 40 41)(36 55 65 68 71)(42 49 67 70 72 73)(43 50 52 56)(44 45 46 47 48)(51 53 54 57 58 59 60 61 62 63 64)


Clusters at Iteration K = 14
( 6  7  8  9 10 11)(12 13 14 15 17)(16 18 19 20 25 28)(21 22 23 26 29 33 34 35)(27 30)(31 32 37 38 39 40 41)(36 55 65 68 71)(42 49 67 70 72 73)(43 50 52 56)(44 45 46 47 48)(51 53 54 57 58 59 60 61 62 63 64 66)


Clusters at Iteration K = 13
( 6  7  8  9 10 11)(12 13 14 15 16 17)(18 20 21 22 23 25 26 29 33 34 35)(19 24 28)(27 30)(31 32 37 38 39 40 41)(36 55 65 68 71)(42 49 67 70 72 73)(43 50 52 56)(44 45 46 47 48)(51 53 54 57 58 59 60 61 62 63 64 66)


Clusters at Iteration K = 12
( 6  7  8  9 10 11)(12 13 14 15 16 17)(18 20 21 22 23 25 26 27 29 30 33 34 35)(19 24 28)(31 32 37 38 39 40 41)(36 55 65 68 71)(42 49 67 70 72 73)(43 50 52 56)(44 45 46 47 48)(51 53 54 57 58 59 60 61 62 63 64 66)


Clusters at Iteration K = 11
( 6  7  8  9 10 11)(12 13 14 15 16 17)(18 20 21 22 23 25 26 27 29 30 33 34 35)(19 24 28)(31 32 37 38 39 40 41)(36 54 55 57 58 60 63 64 65 66 68 71)(42 49 51 59 61 62 67 70 72 73)(43 50 52 56)(44 45 46 47 48 53)


Clusters at Iteration K = 10
( 6  7  8  9 10 11 12 14)(13 15 16 17 18 20 21 22 23 25 26 27 29 30 33 34 35)(19 24 28)(31 32 37 38 39 40 41)(36 54 55 57 58 60 63 64 65 66 68 71)(42 49 51 59 61 62 67 70 72 73)(43 50 52 56)(44 45 46 47 48 53)


Clusters at Iteration K = 9
( 6  7  8  9 10 11 12 14)(13 15 16 17 18 20 21 22 23 25 26 27 29 30 33 34 35)(19 24 28)(31 32 37 38 39 40 41)(36 51 54 55 57 58 59 60 61 62 63 64 65 66 68 71)(42 44 45 46 47 48 53)(43 50 52 56)(49 67 70 72 73 74)


Clusters at Iteration K = 8
( 6  7  8  9 10 11 12 13 14 15 16 17 18 20 21 23 27)(19 22 24 25 26 28)(29 31 32 37 38 39 40 41)(30 35 42 44 45 46 47 48 53)(33 34 36 51 54 55 57 58 59 60 61 62 63 64 65 66 68 71)(43 50 52 56)(49 67 70 72 73 74)


Clusters at Iteration K = 7
( 6 15 16 17 18 19 20 22 23 24 25 26 27 28)( 7 12 14 30 35 42 44 45 46 47 48 53)( 8  9 10 33 34 36 51 54 55 57 58 59 60 61 62 63 64 65 66 68 71)(11 13 21 49 67 70 72 73 74)(29 31 32 37 38 39 40 41)(43 50 52 56)


Clusters at Iteration K = 6
( 6 15 16 17 18 19 20 22 23 24 25 26 27 28)( 7 12 14 30 35 42 44 45 46 47 48 53)( 8  9 10 33 34 36 51 54 55 57 58 59 60 61 62 63 64 65 66 68 71)(11 13 21 49 67 69 70 72 73 74)(29 31 32 37 38 39 40 41)(43 50 52 56)


Clusters at Iteration K = 5
( 6 15 16 17 18 19 20 22 23 24 25 26 27 28)( 7 11 13 14 21 49 67 69 70 72 73 74)( 8  9 10 33 34 35 36 48 51 53 54 55 57 58 59 60 61 62 63 64 65 66 68 71)(12 29 30 31 32 37 38 39 40 41 42 44 45 46)(43 47 50 52 56)


Clusters at Iteration K = 4
( 6 15 16 17 18 19 20 22 23 24 25 26 27 28)( 7  8  9 10 11 13 14 21 34 36 48 49 51 53 54 55 57 58 59 60 61 62 63 64
 65 66 67 68 69 70 71 72 73 74)(12 29 30 31 32 33 35 37 38 39 40 41 42 44 45 46)(43 47 50 52 56)


Clusters at Iteration K = 3
( 6  7  8  9 10 11 13 14 15 16 17 18 19 20 21 22 23 24 25 26 27 28)(12 29 30 31 32 33 34 35 36 37 38 39 40 41 42 44 45 46 48 49 51 53 54 57
 58 60 62 63 64 65 71 72 73 74)(43 47 50 52 55 56 59 61 66 67 68 69 70)


Clusters at Iteration K = 2
( 6  7  8  9 10 11 13 14 15 16 17 18 19 20 21 22 23 24 25 26 27 28)(12 29 30 31 32 33 34 35 36 37 38 39 40 41 42 43 44 45 46 47 48 49 50 51
 52 53 54 55 56 57 58 59 60 61 62 63 64 65 66 67 68 69 70 71 72 73 74)

