Discovered Pairwise Associations: 
(11 10)(12 14)(14 12)(18 16)(21 22)(23 26)(29 30)(31 32)(36 34)(39 40)(46 44)(56 50)(68 70)(70 68)


After duplicates removed based on SR(Mode) Value
(11 10)(14 12)(18 16)(21 22)(23 26)(29 30)(31 32)(36 34)(39 40)(46 44)(56 50)(70 68)

Starting List at K = 57
(11 10)(14 12)(18 16)(21 22)(23 26)(29 30)(31 32)(36 34)(39 40)(46 44)(56 50)(70 68)(6)(7)(8)(9)(13)(15)(17)(19)(20)(24)(25)(27)(28)(33)(35)(37)(38)(41)(42)(43)(45)(47)(48)(49)(51)(52)(53)(54)(55)(57)(58)(59)(60)(61)(62)(63)(64)(65)(66)(67)(69)(71)(72)(73)(74)


Clusters at Iteration K = 56
(10 11)(12 14)(16 18)(21 22)(23 26)(29 30)(31 32)(34 36)(39 40)(44 68 70)(46 49)(50 56)


Clusters at Iteration K = 55
(10 11)(12 14)(16 18)(21 22)(23 26)(29 30)(31 32)(34 36)(39 40)(44 68 70)(46 63)(49 73)(50 56)


Clusters at Iteration K = 54
(10 11)(12 14)(16 18)(21 22)(23 26)(29 30)(31 32)(34 36)(39 40)(44 68 70)(46 63)(47 52)(49 73)(50 56)


Clusters at Iteration K = 53
(10 11)(12 14)(16 18)(21 22)(23 26)(29 30)(31 32)(34 36)(39 40)(42 45)(44 68 70)(46 63)(47 52)(49 73)(50 56)


Clusters at Iteration K = 52
(10 11)(12 14)(16 18)(21 22)(23 26)(29 30)(31 32)(34 36)(39 40)(42 45)(44 68 70)(46 63)(47 52)(49 73)(50 56)(65 71)


Clusters at Iteration K = 51
(10 11)(12 14)(13 20)(16 18)(21 22)(23 26)(29 30)(31 32)(34 36)(39 40)(42 45)(44 68 70)(46 63)(47 52)(49 73)(50 56)(65 71)


Clusters at Iteration K = 50
( 9 10 11)(12 14)(13 20)(16 18)(21 22)(23 26)(29 30)(31 32)(34 36)(39 40)(42 45)(44 68 70)(46 63)(47 52)(49 73)(50 56)(65 71)


Clusters at Iteration K = 49
( 9 10 11)(12 14)(13 20)(16 18)(21 22)(23 26)(29 30)(31 32)(34 36)(39 40)(42 45)(44 68 70)(46 63)(47 52)(49 72 73)(50 56)(65 71)


Clusters at Iteration K = 48
( 9 10 11)(12 14)(13 20)(16 18)(21 22)(23 26)(29 30)(31 32)(34 36)(39 40)(42 45)(44 68 70)(46 63)(47 52)(48 54)(49 72 73)(50 56)(65 71)


Clusters at Iteration K = 47
( 9 10 11)(12 14)(13 20)(16 18)(21 22)(23 26)(29 30)(31 32)(34 36)(39 40)(42 45)(44 68 70)(46 63)(47 52)(48 51 54)(49 72 73)(50 56)(65 71)


Clusters at Iteration K = 46
( 9 10 11)(12 14)(13 20)(16 18)(21 22)(23 26)(29 30)(31 32)(34 36)(39 40)(42 45)(44 68 70)(46 57 63)(47 52)(48 51 54)(49 72 73)(50 56)(65 71)


Clusters at Iteration K = 45
( 9 10 11)(12 14)(13 20)(16 18)(21 22)(23 26)(29 30)(31 32)(34 36)(39 40)(42 45)(44 68 70)(46 57 60 63)(47 52)(48 51 54)(49 72 73)(50 56)(65 71)


Clusters at Iteration K = 44
(6 7)( 9 10 11)(12 14)(13 20)(16 18)(21 22)(23 26)(29 30)(31 32)(34 36)(39 40)(42 45)(44 68 70)(46 57 60 63)(47 52)(48 51 54)(49 72 73)(50 56)(65 71)


Clusters at Iteration K = 43
(6 7)( 9 10 11)(12 14)(13 20)(16 18)(21 22)(23 26)(29 30)(31 32)(34 36)(39 40)(42 45)(44 68 70)(46 57 60 63)(47 52)(48 51 53 54)(49 72 73)(50 56)(65 71)


Clusters at Iteration K = 42
(6 7)( 9 10 11)(12 14)(13 20)(16 18)(21 22)(23 26)(29 30)(31 32)(34 36)(39 40)(42 45)(44 68 70)(46 57 60 63)(47 52)(48 51 53 54)(49 72 73 74)(50 56)(65 71)


Clusters at Iteration K = 41
(6 7)( 9 10 11)(12 14)(13 20)(16 18 19)(21 22)(23 26)(29 30)(31 32)(34 36)(39 40)(42 45)(44 68 70)(46 57 60 63)(47 52)(48 51 53 54)(49 72 73 74)(50 56)(65 71)


Clusters at Iteration K = 40
(6 7)( 9 10 11)(12 14)(13 20)(16 18 19)(21 22)(23 26)(29 30)(31 32)(34 36)(39 40)(41 42)(44 68 70)(45 47 52)(46 57 60 63)(48 51 53 54)(49 72 73 74)(50 56)(65 71)


Clusters at Iteration K = 39
(6 7)( 9 10 11)(12 14)(13 20)(16 18 19)(21 22)(23 26)(24 25)(29 30)(31 32)(34 36)(39 40)(41 42)(44 68 70)(45 47 52)(46 57 60 63)(48 51 53 54)(49 72 73 74)(50 56)(65 71)


Clusters at Iteration K = 38
(6 7)( 9 10 11)(12 14)(13 20)(16 18 19)(21 22)(23 26)(24 25)(29 30)(31 32)(34 36)(39 40)(41 42)(44 68 70)(45 47 52)(46 57 60 62 63)(48 51 53 54)(49 72 73 74)(50 56)(65 71)


Clusters at Iteration K = 37
(6 7)( 9 10 11)(12 14)(13 20)(16 18 19)(21 22)(23 26)(24 25)(29 30)(31 32 33)(34 36)(39 40)(41 42)(44 68 70)(45 47 52)(46 57 60 62 63)(48 51 53 54)(49 72 73 74)(50 56)(65 71)


Clusters at Iteration K = 36
(6 7)( 9 10 11)(12 14)(13 20)(16 18 19)(21 22)(23 26)(24 25)(29 30)(31 32 33)(34 36)(39 40)(41 42)(44 68 70)(45 47 52)(46 57 60 62 63)(48 51 53 54)(49 72 73 74)(50 56)(59 61)(65 71)


Clusters at Iteration K = 35
(6 7)( 9 10 11)(12 14)(13 20)(16 18 19)(21 22)(23 26)(24 25)(29 30)(31 32 33)(34 36)(39 40)(41 42)(44 68 70)(45 47 52)(46 57 60 61 62 63)(48 51 53 54)(49 72 73 74)(50 56)(58 59)(65 71)


Clusters at Iteration K = 34
(6 7)( 9 10 11 13)(12 14)(16 18 19 20)(21 22)(23 26)(24 25)(29 30)(31 32 33)(34 36)(39 40)(41 42)(44 68 70)(45 47 52)(46 57 60 61 62 63)(48 51 53 54)(49 72 73 74)(50 56)(58 59)(65 71)


Clusters at Iteration K = 33
(6 7)( 9 10 11 13)(12 14)(16 18 19 20)(21 22)(23 26)(24 25)(29 30)(31 32 33)(34 36)(39 40)(41 42)(44 68 70)(45 47 52)(46 57 60 61 62 63 66)(48 51 53 54)(49 72 73 74)(50 56)(58 59)(65 71)


Clusters at Iteration K = 32
(6 7)( 9 10 11 13)(12 14)(16 18 19 20)(21 22)(23 26)(24 25)(29 30)(31 32 33)(34 36)(39 40)(41 42)(44 68 70)(45 47 52)(46 57 58 59 60 61 62 63 66)(48 51 53 54)(49 72 73 74)(50 56)(65 71)


Clusters at Iteration K = 31
(6 7 8)( 9 10 11 13)(12 14)(16 18 19 20)(21 22)(23 26)(24 25)(29 30)(31 32 33)(34 36)(39 40)(41 42)(44 68 70)(45 47 52)(46 57 58 59 60 61 62 63 66)(48 51 53 54)(49 72 73 74)(50 56)(65 71)


Clusters at Iteration K = 30
(6 7 8)( 9 10 11 13)(12 14)(16 18 19 20)(21 22 23 26)(24 25)(29 30)(31 32 33)(34 36)(39 40)(41 42)(44 68 70)(45 47 52)(46 57 58 59 60 61 62 63 66)(48 51 53 54)(49 72 73 74)(50 56)(65 71)


Clusters at Iteration K = 29
(6 7 8)( 9 10 11 13)(12 14)(16 18 19 20)(21 22 23 26)(24 25)(29 30)(31 32 33)(34 36 42)(39 40)(41 43)(44 68 70)(45 47 52)(46 57 58 59 60 61 62 63 66)(48 51 53 54)(49 72 73 74)(50 56)(65 71)


Clusters at Iteration K = 28
( 6  7  8  9 10 11)(12 13 14)(16 18 19 20)(21 22 23 26)(24 25)(29 30)(31 32 33)(34 36 42)(39 40)(41 43)(44 68 70)(45 47 52)(46 57 58 59 60 61 62 63 66)(48 51 53 54)(49 72 73 74)(50 56)(65 71)


Clusters at Iteration K = 27
( 6  7  8  9 10 11)(12 13 14)(16 18 19 20)(21 22 23 26)(24 25)(29 30 31 32)(33 34 36 42)(39 40)(41 43)(44 68 70)(45 47 52)(46 57 58 59 60 61 62 63 66)(48 51 53 54)(49 72 73 74)(50 56)(65 71)


Clusters at Iteration K = 26
( 6  7  8  9 10 11 12)(13 14 15)(16 18 19 20)(21 22 23 26)(24 25)(29 30 31 32)(33 34 36 42)(39 40)(41 43)(44 68 70)(45 47 52)(46 57 58 59 60 61 62 63 66)(48 51 53 54)(49 72 73 74)(50 56)(65 71)


Clusters at Iteration K = 25
( 6  7  8  9 10 11 12)(13 14 15)(16 18 19 20)(21 22 23 26)(24 25)(29 30 31 32)(33 34 36 42)(39 46 57 58 59 60 61 62 63 66)(40 49 72 73 74)(41 43)(44 68 70)(45 47 52)(48 51 53 54)(50 56)(65 71)


Clusters at Iteration K = 24
( 6  7  8  9 10 11 12)(13 14 15)(16 18 19 20)(21 22 23 26)(24 25)(29 30 31 32)(33 34 36 42)(39 46 48 51 53 54 57)(40 49 59 61 72 73 74)(41 43)(44 68 70)(45 47 52)(50 56)(58 65 71)(60 62 63 64 66)


Clusters at Iteration K = 23
( 6  7  8  9 10 11 12)(13 14 15)(16 18 19 20)(21 22 23 26)(24 25)(29 30 31 32)(33 34 36 42)(38 39)(40 46 49 59 61 72 73 74)(41 43)(44 68 70)(45 47 52)(48 58 65 71)(50 56)(51 53 54 57 60 62 63 64 66)


Clusters at Iteration K = 22
( 6  7  8  9 10 11 12)(13 14 15)(16 18 19 20)(21 22 23 26)(24 25)(29 30 31 32)(33 34 36 42)(37 41)(38 39)(40 46 49 59 61 72 73 74)(43 50 56)(44 68 70)(45 47 52)(48 58 65 71)(51 53 54 57 60 62 63 64 66)


Clusters at Iteration K = 21
( 6  7  8  9 10 11 12)(13 14 15)(16 18 19 20 21)(22 27)(23 24 25 26)(29 30 31 32)(33 34 36 42)(37 41)(38 39)(40 46 49 59 61 72 73 74)(43 50 56)(44 68 70)(45 47 52)(48 58 65 71)(51 53 54 57 60 62 63 64 66)


Clusters at Iteration K = 20
( 6  7  8  9 10 11 12)(13 14 15)(16 18 19 20 21)(22 27)(23 24 25 26)(29 30 31 32)(33 34 36 42)(37 41)(38 39)(40 46 49 59 61 72 73 74)(43 44 68 70)(45 47 50 52)(48 58 65 71)(51 53 54 57 60 62 63 64 66)(55 56)


Clusters at Iteration K = 19
( 6  7  8  9 10 11 12)(13 14 15)(16 18 19 20 21)(22 27)(23 24 25 26)(29 30 31 32)(33 34 36 42)(37 41)(38 39)(40 46 49 59 61 67 72 73 74)(43 44 68 70)(45 47 50 52)(48 58 65 71)(51 53 54 57 60 62 63 64 66)(55 56)


Clusters at Iteration K = 18
( 6  7  8  9 10 11 12)(13 14 15)(16 18 19 20 21)(22 27)(23 24 25 26)(29 30 31 32)(33 34 36 42)(37 41)(38 39)(40 46 49 59 61 67 72 73 74)(43 44 68 69 70)(45 47 50 52)(48 58 65 71)(51 53 54 57 60 62 63 64 66)(55 56)


Clusters at Iteration K = 17
( 6  7  8  9 10 11 12)(13 14 15)(16 18 19 20 21)(22 27)(23 24 25 26)(29 30 31 32)(33 34 36 42)(37 41)(38 39)(40 46 49 59 61 67 72 73 74)(43 44 50 68 69 70)(45 51 53 54 57 60 62 63 64 66)(47 52 55 56)(48 58 65 71)


Clusters at Iteration K = 16
( 6  7  8  9 10 11 12)(13 14 15)(16 18 19 20 21)(22 27)(23 24 25 26)(29 30 31 32)(33 34 35 36 42)(37 41)(38 39)(40 46 49 59 61 67 72 73 74)(43 44 50 68 69 70)(45 51 53 54 57 60 62 63 64 66)(47 52 55 56)(48 58 65 71)


Clusters at Iteration K = 15
( 6  7  8  9 10 11 12)(13 14 15 17)(16 18 19 20 21)(22 27)(23 24 25 26)(29 30 31 32)(33 34 35 36 42)(37 41)(38 39)(40 46 49 59 61 67 72 73 74)(43 44 50 68 69 70)(45 51 53 54 57 60 62 63 64 66)(47 52 55 56)(48 58 65 71)


Clusters at Iteration K = 14
( 6  7  8  9 10 11 12)(13 14 15 17)(16 18 19 20 21)(22 27)(23 24 25 26)(29 30 31 32)(33 34 35 36 42)(37 41)(38 39)(40 46 49 59 61 67 72 73 74)(43 44 47 50 52 56 68 69 70)(45 51 53 54 57 60 62 63 64 66)(48 55 58 65 71)


Clusters at Iteration K = 13
( 6  7  8  9 10 11 12)(13 14 15 17)(16 18 19 20 21)(22 27)(23 24 25 26)(29 30 31 32)(33 34 35 36 42)(37 41)(38 39)(40 46 49 51 59 61 62 67 72 73 74)(43 44 47 50 52 56 68 69 70)(45 48 53 54 55 57 58 60 63 64 65 66 71)


Clusters at Iteration K = 12
( 6  7  8  9 10 11 12 14 15 17)(13 16 18 19 20 21)(22 27)(23 24 25 26)(29 30 31 32)(33 34 35 36 42)(37 41)(38 39)(40 46 49 51 59 61 62 67 72 73 74)(43 44 47 50 52 56 68 69 70)(45 48 53 54 55 57 58 60 63 64 65 66 71)


Clusters at Iteration K = 11
( 6  7  8  9 10 11 12 14 15 17)(13 16 18 19 20 21)(22 27 30)(23 24 25 26 29 31 32)(33 34 35 36 42)(37 41)(38 39)(40 46 49 51 59 61 62 67 72 73 74)(43 44 47 50 52 56 68 69 70)(45 48 53 54 55 57 58 60 63 64 65 66 71)


Clusters at Iteration K = 10
( 6  7  8  9 10 11 12 14 15 17)(13 16 18 19 20 21)(22 27 30)(23 24 25 26 29 31 32)(33 34 35 36 42)(37 41)(38 39)(40 45 46 49 51 53 54 55 57 58 59 60 61 62 63 64 65 66 67 71 72 73 74)(43 44 47 48 50 52 56 68 69 70)


Clusters at Iteration K = 9
( 6  7  8  9 10 11 12 13 14 15 17 19)(16 18 20 21 23 24 25 26 29 31 32)(22 27 30)(33 34 35 36 42)(37 41)(38 39)(40 45 46 49 51 53 54 55 57 58 59 60 61 62 63 64 65 66 67 71 72 73 74)(43 44 47 48 50 52 56 68 69 70)


Clusters at Iteration K = 8
( 6  7  8  9 10 11 12 13 14 15 17 19)(16 18 20 21 23 24 25 26 29 31 32 45 54)(22 27 30)(33 34 35 36 40 42 49 51)(37 41)(38 39)(43 44 46 47 48 50 52 53 55 56 57 58 59 60 61 62 63 64 65 66 67 68 69 70
 71 72 73 74)


Clusters at Iteration K = 7
( 6  7  8  9 10 11 12 13 14 15 17 19)(16 18 20 21 23 24 25 26 29 31 32 33 45 54)(22 27 30)(34 38 39 42 49 51)(35 36 37 40 41)(43 44 46 47 48 50 52 53 55 56 57 58 59 60 61 62 63 64 65 66 67 68 69 70
 71 72 73 74)


Clusters at Iteration K = 6
( 6  7  8  9 10 11 12 13 14 15 17 19)(16 18 20 21 23 24 25 26 29 31 32 33 34 38 39 45 51 54)(22 27 30)(35 36 37 40 41 42)(43 44 46 47 48 49 50 52 53 55 56 57 58 59 60 61 62 63 64 65 66 67 68 69
 70 71 72 73 74)


Clusters at Iteration K = 5
( 6  7  8  9 10 11 12 13 14 15 17 19)(16 18 20 21 22 23 24 25 26 27 29 30 31 32 33 34 38 39 45 51 54)(35 36 37 40 41 42)(43 44 46 47 48 49 50 52 53 55 56 57 58 59 60 61 62 63 64 65 66 67 68 69
 70 71 72 73 74)


Clusters at Iteration K = 4
( 6  7  8  9 10 11 12 13 14 15 17 19)(16 18 20 21 22 23 24 25 26 27 28 29 30 31 32 33 34 38 39 45 51 54)(35 36 37 40 41 42)(43 44 46 47 48 49 50 52 53 55 56 57 58 59 60 61 62 63 64 65 66 67 68 69
 70 71 72 73 74)


Clusters at Iteration K = 3
( 6  7  8  9 10 11 12 13 14 15 16 17 18 19 20 21 22 23 24 25 26 27 28 34)(29 30 31 32 33 35 36 37 38 39 40 41 42)(43 44 45 46 47 48 49 50 51 52 53 54 55 56 57 58 59 60 61 62 63 64 65 66
 67 68 69 70 71 72 73 74)


Clusters at Iteration K = 2
( 6  7  8  9 10 11 12 13 14 15 16 17 18 19 20 21 22 23 24 25 26 27 28 29
 30 31 32 33 34 35 36 37 38)(39 40 41 42 43 44 45 46 47 48 49 50 51 52 53 54 55 56 57 58 59 60 61 62
 63 64 65 66 67 68 69 70 71 72 73 74)

