First Pairwise Association at K = 68
(64 63)


Clusters at Iteration K = 67
(54 60)(63 64)


Clusters at Iteration K = 66
(50 56)(54 60)(63 64)


Clusters at Iteration K = 65
(50 56)(54 60)(63 64)(73 74)


Clusters at Iteration K = 64
(43 44)(50 56)(54 60)(63 64)(73 74)


Clusters at Iteration K = 63
(13 15)(43 44)(50 56)(54 60)(63 64)(73 74)


Clusters at Iteration K = 62
(13 15)(34 35)(43 44)(50 56)(54 60)(63 64)(73 74)


Clusters at Iteration K = 61
(13 15)(23 26)(34 35)(43 44)(50 56)(54 60)(63 64)(73 74)


Clusters at Iteration K = 60
(13 15)(23 26 27)(34 35)(43 44)(50 56)(54 60)(63 64)(73 74)


Clusters at Iteration K = 59
(13 15)(23 26 27)(34 35)(43 44)(50 56)(54 60)(62 63 64)(73 74)


Clusters at Iteration K = 58
(13 15)(23 26 27)(34 35)(43 44)(50 56)(54 60)(58 59)(62 63 64)(73 74)


Clusters at Iteration K = 57
(13 15)(23 26 27)(34 35)(43 44)(50 52 56)(54 60)(58 59)(62 63 64)(73 74)


Clusters at Iteration K = 56
(13 15)(23 26 27)(34 35)(39 40)(43 44)(50 52 56)(54 60)(58 59)(62 63 64)(73 74)


Clusters at Iteration K = 55
(13 15)(23 26 27)(34 35)(36 37)(39 40)(43 44)(50 52 56)(54 60)(58 59)(62 63 64)(73 74)


Clusters at Iteration K = 54
(13 15)(23 26 27)(29 31)(34 35)(36 37)(39 40)(43 44)(50 52 56)(54 60)(58 59)(62 63 64)(73 74)


Clusters at Iteration K = 53
(13 15)(14 17)(23 26 27)(29 31)(34 35)(36 37)(39 40)(43 44)(50 52 56)(54 60)(58 59)(62 63 64)(73 74)


Clusters at Iteration K = 52
(13 15)(14 17)(23 26 27)(29 31)(34 35)(36 37)(39 40)(43 44)(50 52 56)(54 60)(58 59)(62 63 64)(72 73 74)


Clusters at Iteration K = 51
(13 15)(14 17)(23 26 27)(29 31)(34 35)(36 37)(39 40)(43 44)(50 52 56)(54 60)(58 59 61)(62 63 64)(72 73 74)


Clusters at Iteration K = 50
( 9 13)(14 15 17)(23 26 27)(29 31)(34 35)(36 37)(39 40)(43 44)(50 52 56)(54 60)(58 59 61)(62 63 64)(72 73 74)


Clusters at Iteration K = 49
( 9 13)(14 15 17)(23 26 27)(29 31)(34 35)(36 37)(39 40)(43 44)(50 52 56)(54 62 63 64)(58 59 60 61)(72 73 74)


Clusters at Iteration K = 48
( 9 11)(13 14 15 17)(23 26 27)(29 31)(34 35)(36 37)(39 40)(43 44)(50 52 56)(54 62 63 64)(58 59 60 61)(72 73 74)


Clusters at Iteration K = 47
( 9 11)(13 14 15 17)(18 20)(23 26 27)(29 31)(34 35)(36 37)(39 40)(43 44)(50 52 56)(54 62 63 64)(58 59 60 61)(72 73 74)


Clusters at Iteration K = 46
( 9 11)(13 14 15 17)(18 20)(23 26 27)(24 25)(29 31)(34 35)(36 37)(39 40)(43 44)(50 52 56)(54 62 63 64)(58 59 60 61)(72 73 74)


Clusters at Iteration K = 45
( 9 11)(13 14 15 17)(18 20)(23 26 27)(24 25)(29 30 31)(34 35)(36 37)(39 40)(43 44)(50 52 56)(54 62 63 64)(58 59 60 61)(72 73 74)


Clusters at Iteration K = 44
( 9 11)(13 14 15 17)(18 20)(23 26 27)(24 25)(29 30 31)(34 35)(36 37)(39 40)(43 44)(49 51)(50 52 56)(54 62 63 64)(58 59 60 61)(72 73 74)


Clusters at Iteration K = 43
( 8 15)( 9 11)(12 14)(13 18 20)(16 17)(23 26 27)(24 25)(29 30 31)(34 35)(36 37)(39 40)(43 44)(49 51)(50 52 56)(54 62 63 64)(58 59 60 61)(72 73 74)


Clusters at Iteration K = 42
( 8 15)( 9 11)(12 14)(13 18 20)(16 17)(23 26 27)(24 25)(29 30 31)(34 35)(36 37)(39 40)(43 44)(49 51)(50 52 56)(54 62 63 64)(55 65)(58 59 60 61)(72 73 74)


Clusters at Iteration K = 41
( 8 15)( 9 11)(12 14)(13 18 20)(16 17)(23 26 27)(24 25)(29 30 31)(34 35)(36 37)(39 40)(43 44)(49 51 58)(50 52 56)(54 60 62 63 64)(55 59 61 65)(72 73 74)


Clusters at Iteration K = 40
( 8 13 15)( 9 11)(12 14)(16 17 18)(20 21)(23 26 27)(24 25)(29 30 31)(34 35)(36 37)(39 40)(43 44)(49 51 58)(50 52 56)(54 60 62 63 64)(55 59 61 65)(72 73 74)


Clusters at Iteration K = 39
( 8 13 15)( 9 11)(12 14)(16 17 18)(20 21)(23 26 27)(24 25)(29 30 31)(34 35)(36 37)(39 40)(43 44)(49 51 58)(50 52 56)(54 60 62 63 64)(55 59 61 65)(68 69)(72 73 74)


Clusters at Iteration K = 38
( 8 13 15)( 9 10 11)(12 14)(16 17 18)(20 21)(23 26 27)(24 25)(29 30 31)(34 35)(36 37)(39 40)(43 44)(49 51 58)(50 52 56)(54 60 62 63 64)(55 59 61 65)(68 69)(72 73 74)


Clusters at Iteration K = 37
(6 7)( 8 13 15)( 9 10 11)(12 14)(16 17 18)(20 21)(23 26 27)(24 25)(29 30 31)(34 35)(36 37)(39 40)(43 44)(49 51 58)(50 52 56)(54 60 62 63 64)(55 59 61 65)(68 69)(72 73 74)


Clusters at Iteration K = 36
(6 7)( 8 13 15)( 9 10 11)(12 14)(16 17 18)(20 21)(23 26 27)(24 25)(29 30 31)(33 34 35)(36 37)(39 40)(43 44)(49 51 58)(50 52 56)(54 60 62 63 64)(55 59 61 65)(68 69)(72 73 74)


Clusters at Iteration K = 35
(6 7)( 8 13 15)( 9 10 11)(12 14)(16 17 18)(20 21)(23 26 27)(24 25)(29 30 31)(33 34 35)(36 37)(39 40)(43 44)(46 49 51 58)(50 52 56)(54 60 62 63 64)(55 59 61 65)(68 69)(72 73 74)


Clusters at Iteration K = 34
(6 7)( 8 13 15)( 9 10 11)(12 14)(16 17 18)(20 21)(23 26 27)(24 25)(29 30 31)(33 34 35)(36 37)(39 40)(43 44)(46 49 51 54 58)(50 52 56)(55 59 61 62 65)(60 63 64 71)(68 69)(72 73 74)


Clusters at Iteration K = 33
(6 7)( 8 13 15)( 9 10 11)(12 14)(16 17 18)(20 21)(23 26 27)(24 25)(29 30 31 33)(34 35 36 37)(39 40)(43 44)(46 49 51 54 58)(50 52 56)(55 59 61 62 65)(60 63 64 71)(68 69)(72 73 74)


Clusters at Iteration K = 32
(6 7)( 8 13 15)( 9 10 11)(12 14)(16 17 18)(20 21)(23 26 27)(24 25)(29 30 31 33)(34 35 36 37)(39 40)(41 43)(44 68 69)(46 49 51 54 58)(50 52 56)(55 59 61 62 65)(60 63 64 71)(72 73 74)


Clusters at Iteration K = 31
(6 7)( 8 12 13 14 15)( 9 10 11)(16 17 18)(20 21)(23 26 27)(24 25)(29 30 31 33)(34 35 36 37)(39 40)(41 43)(44 68 69)(46 49 51 54 58)(50 52 56)(55 59 61 62 65)(60 63 64 71)(72 73 74)


Clusters at Iteration K = 30
(6 7)( 8 12 13 14 15)( 9 10 11)(16 17 18)(20 21)(23 26 27)(24 25)(29 30 31 33)(34 35 36 37)(39 40)(41 43)(44 68 69)(46 49 51 54 55 58)(50 52 56)(59 60 62 63 64 65 71)(61 70)(72 73 74)


Clusters at Iteration K = 29
(6 7)( 8 12 13 14 15)( 9 10 11)(16 17 18)(20 21)(23 26 27)(24 25)(29 30 31 33)(34 35 36 37)(39 40)(41 43)(44 68 69)(46 49 51 53 54 55 58)(50 52 56)(59 60 62 63 64 65 71)(61 70)(72 73 74)


Clusters at Iteration K = 28
(6 7)( 8 12 13 14 15)( 9 10 11)(16 17 18)(20 21)(23 26 27)(24 25)(29 30 31 32 33)(34 35 36 37)(39 40)(41 43)(44 68 69)(46 49 51 53 54 55 58)(50 52 56)(59 60 62 63 64 65 71)(61 70)(72 73 74)


Clusters at Iteration K = 27
(6 7)( 8 12 13 14 15)( 9 10 11)(16 17 18)(20 21)(23 26 27)(24 25)(29 30 31 32 33 39)(34 35 36 37)(40 46 49 51 53 54 55 58)(41 43)(44 68 69)(50 52 56)(59 60 62 63 64 65 71)(61 70)(72 73 74)


Clusters at Iteration K = 26
( 6  7  8 12 13 14 15)( 9 10 11)(16 17 18)(20 21)(23 26 27)(24 25)(29 30 31 32 33 39)(34 35 36 37)(40 46 49 51 53 54 55 58)(41 43)(44 68 69)(50 52 56)(59 60 62 63 64 65 71)(61 70)(72 73 74)


Clusters at Iteration K = 25
( 6  7  8 12 13 14 15)( 9 10 11)(16 17 18)(20 21)(23 26 27)(24 25)(29 30 31 32 33 39)(34 35 36 37)(40 46 49 51 53 54 55 58)(41 43)(42 45)(44 68 69)(50 52 56)(59 60 62 63 64 65 71)(61 70)(72 73 74)


Clusters at Iteration K = 24
( 6  7  8 12 13 14 15)( 9 10 11)(16 17 18)(20 21 29)(23 26 27 30)(24 25 31 32)(33 34 35 36 37)(39 40 46 49 51 53 54 55 58)(41 43)(42 45)(44 68 69)(50 52 56)(59 60 62 63 64 65 71)(61 70)(72 73 74)


Clusters at Iteration K = 23
( 6  7  8 12 13 14 15)( 9 10 11)(16 17 18)(20 21 29)(23 26 27 30)(24 25 31 32)(33 34 35 36 37)(39 40 46 49 51 53 54 55 58)(41 43)(42 45)(44 68 69 70)(50 52 56)(59 60 62 63 64 65 71)(61 67)(72 73 74)


Clusters at Iteration K = 22
( 6  7  8 12 13 14 15)( 9 10 11)(16 17 18)(20 21 23 26 27 30)(24 25 29 31 32)(33 34 35 36 37)(39 40 46 49 51 53 54 55 58)(41 43)(42 45)(44 68 69 70)(50 52 56)(59 60 62 63 64 65 71)(61 67)(72 73 74)


Clusters at Iteration K = 21
( 6  7  8 12 13 14 15)( 9 10 11)(16 17 18)(20 21 23 26 27 30)(24 25 29 31 32)(33 34 35 36 37)(39 40 46 49 51 53 54 55 58)(41 43)(42 45)(44 68 69 70)(50 52 56)(57 59 60 62 63 64 65 71)(61 67)(72 73 74)


Clusters at Iteration K = 20
( 6  7  8 12 13 14 15)( 9 10 11)(16 17 18)(20 21 23 26 27 30)(22 24 25 29 31 32)(33 34 35 36 37)(39 40 46 49 51 53 54 55 58)(41 43)(42 45)(44 68 69 70)(50 52 56)(57 59 60 62 63 64 65 71)(61 67)(72 73 74)


Clusters at Iteration K = 19
( 6  7  8 12 13 14 15)( 9 10 11)(16 17 18)(20 21 23 26 27 30)(22 24 25 29 31 32)(33 34 35 36 37)(39 40 46 49 51 53 54 55 57 58)(41 43)(42 45)(44 68 69 70)(50 52 56)(59 60 62 63 64 65 71 72 73 74)(61 67)


Clusters at Iteration K = 18
( 6  7  8 12 13 14 15)( 9 10 11)(16 17 18)(20 21 23 26 27 30)(22 24 25 29 31 32)(33 34 36 39 40 46 49 51 53 54 55 57 58)(35 38)(37 41 43)(42 45)(44 68 69 70)(50 52 56)(59 60 62 63 64 65 71 72 73 74)(61 67)


Clusters at Iteration K = 17
( 6  7  8  9 10 11 12 13 14 15)(16 17 18)(20 21 23 26 27 30)(22 24 25 29 31 32)(33 34 36 39 40 46 49 51 53 54 55 57 58)(35 38)(37 41 43)(42 45)(44 68 69 70)(50 52 56)(59 60 62 63 64 65 71 72 73 74)(61 67)


Clusters at Iteration K = 16
( 6  7  8  9 10 11 12 13 14 15)(16 17 18)(20 21 23 26 27 30)(22 24 25 29 31 32)(33 34 36 39 40 46 49 51 53 54 55 57 58)(35 38)(37 41 43)(42 45)(44 66 68 69 70)(50 52 56)(59 60 62 63 64 65 71 72 73 74)(61 67)


Clusters at Iteration K = 15
( 6  7  8  9 10 11 12 13 14 15)(16 17 18)(20 21 23 26 27 30)(22 24 25 29 31 32)(33 34 36 39 40 42 46 49 51 53 54 55 57 58)(35 38)(37 41 43)(44 66 68 69 70)(45 47)(50 52 56)(59 60 62 63 64 65 71 72 73 74)(61 67)


Clusters at Iteration K = 14
( 6  7  8  9 10 11 12 13 14 15)(16 17 18)(20 21 23 26 27 30)(22 24 25 28 29 31 32)(33 34 36 39 40 42 46 49 51 53 54 55 57 58)(35 38)(37 41 43)(44 66 68 69 70)(45 47)(50 52 56)(59 60 62 63 64 65 71 72 73 74)(61 67)


Clusters at Iteration K = 13
( 6  7  8  9 10 11 12 13 14 15)(16 17 18)(20 21 23 26 27 30)(22 24 25 28 29 31 32)(33 34 36 39 40 42 46 49 51 53 54 55 57 58)(35 37 38 41)(43 50 52 56)(44 66 68 69 70)(45 47)(59 60 62 63 64 65 71 72 73 74)(61 67)


Clusters at Iteration K = 12
( 6  7  8  9 10 11 12 13 14 15 19)(16 17 18)(20 21 23 26 27 30)(22 24 25 28 29 31 32)(33 34 36 39 40 42 46 49 51 53 54 55 57 58)(35 37 38 41)(43 50 52 56)(44 66 68 69 70)(45 47)(59 60 62 63 64 65 71 72 73 74)(61 67)


Clusters at Iteration K = 11
( 6  7  8  9 10 11 12 13 14 15 19)(16 17 18)(20 21 23 26 27 30)(22 24 25 28 29 31 32)(33 34 36 39 40 42 46 49 51 53 54 55 57 58 59 60 63 64 73)(35 37 38 41)(43 50 52 56)(44 62 65 66 68 69 70 71 72 74)(45 47)(61 67)


Clusters at Iteration K = 10
( 6  7  8  9 10 11 12 13 14 15 19)(16 17 18)(20 21 23 26 27 30 33 34)(22 24 25 28 29 31 32)(35 36 37 38 39 40 41)(42 44 54 55 57 59 60 62 63 65 66 68 69 70 71 72 73 74)(43 50 52 56)(45 47)(46 48 49 51 53)(58 61 64 67)


Clusters at Iteration K = 9
( 6  7  8  9 10 11 12 13 14 15 19)(16 17 18)(20 21 23 26 27 30 33 34)(22 24 25 28 29 31 32)(35 36 37 38 39 40 41)(42 44 54 55 57 59 60 62 63 65 66 68 69 70 71 72 73 74)(43 50 52 56)(45 46 47 48 49 51 53)(58 61 64 67)


Clusters at Iteration K = 8
( 6  7  8  9 10 11 12 13 14 15 19)(16 17 18)(20 21 23 26 27 30 33 34)(22 24 25 28 29 31 32)(35 36 37 38 39 40 41)(42 44 54 55 57 58 59 60 61 62 63 64 65 66 67 68 69 70 71 72 73 74)(43 50 52 56)(45 46 47 48 49 51 53)


Clusters at Iteration K = 7
( 6  7  8  9 10 11 12 13 14 15 19)(16 17 18 22 24)(20 21 23 25 26 27 28 29 30 31 32 33 34)(35 36 37 38 39 40 41)(42 44 54 55 57 58 59 60 61 62 63 64 65 66 67 68 69 70 71 72 73 74)(43 50 52 56)(45 46 47 48 49 51 53)


Clusters at Iteration K = 6
( 6  7  8  9 10 11 12 13 14 15 16 17 18 19)(20 21 22 23 24 25 26 27 28 29 30 31 32 33 34)(35 36 37 38 39 40 41)(42 44 54 55 57 58 59 60 61 62 63 64 65 66 67 68 69 70 71 72 73 74)(43 50 52 56)(45 46 47 48 49 51 53)


Clusters at Iteration K = 5
( 6  7  8  9 10 11 12 13 14 15 16 17 18 19 20 21 22 23 24 25 26 27 29 30)(28 31 32 33 34 35 36 37 38 39 40 41)(42 44 54 55 57 58 59 60 61 62 63 64 65 66 67 68 69 70 71 72 73 74)(43 50 52 56)(45 46 47 48 49 51 53)


Clusters at Iteration K = 4
( 6  7  8  9 10 11 12 13 14 15 16 17 18 19 20 21 22 23 24 25 26 27 29 30)(28 31 32 33 34 35 36 37 38 39 40 41 42)(43 50 52 56 59 61 67)(44 45 46 47 48 49 51 53 54 55 57 58 60 62 63 64 65 66 68 69 70 71 72 73
 74)


Clusters at Iteration K = 3
( 6  7  8  9 10 11 12 13 14 15 16 17 18 19 20 21 22 23 24 25 26 27 28 29
 30 31 32 33 34 35 36 37 38 39 40 41 42)(43 50 52 56 59 61 67)(44 45 46 47 48 49 51 53 54 55 57 58 60 62 63 64 65 66 68 69 70 71 72 73
 74)


Clusters at Iteration K = 2
( 6  7  8  9 10 11 12 13 14 15 16 17 18 19 20 21 22 23 24 25 26 27 28 29
 30 31 32 33 34 35 36 37 38 39 40 41 42)(43 44 45 46 47 48 49 50 51 52 53 54 55 56 57 58 59 60 61 62 63 64 65 66
 67 68 69 70 71 72 73 74)

