First Pairwise Association at K = 68
(73 49)


Clusters at Iteration K = 67
(44 46)(49 73)


Clusters at Iteration K = 66
(34 36)(44 46)(49 73)


Clusters at Iteration K = 65
(31 32)(34 36)(44 46)(49 73)


Clusters at Iteration K = 64
(31 32)(34 36 38)(44 46)(49 73)


Clusters at Iteration K = 63
(31 32)(34 36 38)(44 46)(49 73)(53 54)


Clusters at Iteration K = 62
(13 15)(31 32)(34 36 38)(44 46)(49 73)(53 54)


Clusters at Iteration K = 61
(13 15)(31 32)(34 36 38)(44 46)(49 73)(53 54)(60 63)


Clusters at Iteration K = 60
(13 15)(31 32)(34 36 38)(44 46)(49 73)(53 54)(60 63)(64 66)


Clusters at Iteration K = 59
(13 15)(31 32)(34 36 37 38)(44 46)(49 73)(53 54)(60 63)(64 66)


Clusters at Iteration K = 58
(13 15 18)(31 32)(34 36 37 38)(44 46)(49 73)(53 54)(60 63)(64 66)


Clusters at Iteration K = 57
(13 15 18)(31 32)(33 34 36 38)(37 41)(44 46)(49 73)(53 54)(60 63)(64 66)


Clusters at Iteration K = 56
(13 15 18)(14 16)(31 32)(33 34 36 38)(37 41)(44 46)(49 73)(53 54)(60 63)(64 66)


Clusters at Iteration K = 55
(13 15 18)(14 16)(19 24)(31 32)(33 34 36 38)(37 41)(44 46)(49 73)(53 54)(60 63)(64 66)


Clusters at Iteration K = 54
(13 15 18)(14 16)(19 24)(31 32)(33 34 36 38)(37 41)(44 46)(49 51 73)(53 54)(60 63)(64 66)


Clusters at Iteration K = 53
( 8 12)(13 15 18)(14 16)(19 24)(31 32)(33 34 36 38)(37 41)(44 46)(49 51 73)(53 54)(60 63)(64 66)


Clusters at Iteration K = 52
( 8 12)(13 15 18)(14 16)(19 21)(24 25)(31 32)(33 34 36 38)(37 41)(44 46)(49 51 73)(53 54)(60 63)(64 66)


Clusters at Iteration K = 51
( 8 12)(13 15 18)(14 16)(19 21)(24 25)(31 32)(33 34 36 38)(37 41)(44 46)(49 51 73)(50 52)(53 54)(60 63)(64 66)


Clusters at Iteration K = 50
( 8 12)(13 15 18)(14 16)(19 21)(24 25)(31 32)(33 34 36 38 46)(37 41)(44 68)(49 51 73)(50 52)(53 54)(60 63)(64 66)


Clusters at Iteration K = 49
( 8 12)(13 14 15 16 18)(19 21)(24 25)(31 32)(33 34 36 38 46)(37 41)(44 68)(49 51 73)(50 52)(53 54)(60 63)(64 66)


Clusters at Iteration K = 48
( 8 12)(13 14 15 16 18)(19 21)(24 25)(31 32)(33 34 36 38 46)(37 41)(44 68)(49 51 73)(50 52)(53 54)(57 60 63)(64 66)


Clusters at Iteration K = 47
( 8 12)(13 14 15 16 18)(19 21)(24 25)(31 32)(33 34 36 38 46)(37 41)(40 42)(44 68)(49 51 73)(50 52)(53 54)(57 60 63)(64 66)


Clusters at Iteration K = 46
( 8 12)( 9 11)(13 14 15 16 18)(19 21)(24 25)(31 32)(33 34 36 38 46)(37 41)(40 42)(44 68)(49 51 73)(50 52)(53 54)(57 60 63)(64 66)


Clusters at Iteration K = 45
( 8 12)( 9 11)(13 14 15 16 18)(19 21)(24 25)(31 32)(33 34 36 38 46)(37 41)(40 42)(44 68)(49 51 73)(50 52)(53 54)(57 60 63)(64 66)(71 74)


Clusters at Iteration K = 44
( 8 12)( 9 11)(13 14 15 16 18)(19 21)(24 25)(30 43)(31 32)(33 34 36 38 46)(37 41)(40 42)(44 68)(49 51 73)(50 52)(53 54)(57 60 63)(64 66)(71 74)


Clusters at Iteration K = 43
( 8 12)( 9 11)(13 14 15 16 18)(19 21)(24 25)(30 41 43)(31 32)(33 34 36 37 38 46)(40 42)(44 68)(49 51 73)(50 52)(53 54)(57 60 63)(64 66)(71 74)


Clusters at Iteration K = 42
( 8 12)( 9 11)(13 14 15 16 18)(19 21)(24 25)(30 37 41 43)(31 32 33 34 36)(38 46 49 51 73)(40 42)(44 68)(50 52)(53 54)(57 60 63)(64 66)(71 74)


Clusters at Iteration K = 41
( 8 12)( 9 11)(13 14 15 16 18)(19 21)(24 25)(29 30)(31 32 33 34 36 37)(38 41 46 49 51 73)(40 42)(43 44 68)(50 52)(53 54)(57 60 63)(64 66)(71 74)


Clusters at Iteration K = 40
( 8 12)( 9 11)(13 14 15 16 18)(19 21)(24 25)(29 30)(31 32 33 34 36 37)(38 41 46 49 51 73)(40 42)(43 44 68)(50 52)(53 54)(57 60 63)(64 66)(65 67)(71 74)


Clusters at Iteration K = 39
( 8 12)( 9 11)(13 14 15 16 18)(19 21)(24 25)(29 30)(31 32 33 34 36 37)(38 41 46 49 51 73)(40 42)(43 44 68 71)(50 52)(53 54)(57 60 63)(64 66)(65 67)(72 74)


Clusters at Iteration K = 38
( 8 12)( 9 10 11)(13 14 15 16 18)(19 21)(24 25)(29 30)(31 32 33 34 36 37)(38 41 46 49 51 73)(40 42)(43 44 68 71)(50 52)(53 54)(57 60 63)(64 66)(65 67)(72 74)


Clusters at Iteration K = 37
( 8 12)( 9 10 11)(13 14 15 16 18)(19 21)(24 25)(26 28)(29 30)(31 32 33 34 36 37)(38 41 46 49 51 73)(40 42)(43 44 68 71)(50 52)(53 54)(57 60 63)(64 66)(65 67)(72 74)


Clusters at Iteration K = 36
( 8 12)( 9 10 11)(13 14 15 16 18)(19 21)(23 26)(24 25 28)(29 30)(31 32 33 34 36 37)(38 41 46 49 51 73)(40 42)(43 44 68 71)(50 52)(53 54)(57 60 63)(64 66)(65 67)(72 74)


Clusters at Iteration K = 35
( 8 12)( 9 10 11)(13 14 15 16 18)(19 21)(23 26)(24 25 28)(29 30 31 32 33 34)(35 36)(37 40 42)(38 41 46 49 51 73)(43 44 68 71)(50 52)(53 54)(57 60 63)(64 66)(65 67)(72 74)


Clusters at Iteration K = 34
( 8 12)( 9 10 11)(13 14 15 16 18)(19 21)(23 26 27)(24 25 28)(29 30 31 32 33 34)(35 36)(37 40 42)(38 41 46 49 51 73)(43 44 68 71)(50 52)(53 54)(57 60 63)(64 66)(65 67)(72 74)


Clusters at Iteration K = 33
( 8 12)( 9 10 11)(13 14 15 16 18)(19 21)(23 26 27)(24 25 28)(29 30 31 32 33 34)(35 36)(37 40 42)(38 41 46 49 51 73)(43 44 68 71)(50 52)(53 54)(57 60 63)(59 61)(64 66)(65 67)(72 74)


Clusters at Iteration K = 32
( 8 12)( 9 10 11)(13 14 15 16 18)(19 21)(23 26 27)(24 25 28)(29 30 31 32 33 34)(35 36)(37 40 42)(38 41 46 49 51 73)(43 44 68 71)(50 52)(53 54)(57 60 63)(59 61)(64 66)(65 67)(70 72 74)


Clusters at Iteration K = 31
( 8 12)( 9 10 11)(13 14 15 16 18 20)(19 21)(23 26 27)(24 25 28)(29 30 31 32 33 34)(35 36)(37 40 42)(38 41 46 49 51 73)(43 44 68 71)(50 52)(53 54)(57 60 63)(59 61)(64 66)(65 67)(70 72 74)


Clusters at Iteration K = 30
( 8 12)( 9 10 11)(13 14 15 16 18 20)(19 21)(23 26 27)(24 25 28)(29 30 31 32 33 34)(35 36)(37 40 42 45)(38 41 46 49 51 73)(43 44 68 71)(50 52)(53 54)(57 60 63)(59 61)(64 66)(65 67)(70 72 74)


Clusters at Iteration K = 29
( 8 12)( 9 10 11)(13 14 15 16 18 20)(19 21)(23 26 27)(24 25 28)(29 30 31 32 33 34)(35 36)(37 40 42 45)(38 41 46 49 51 73)(43 44 68 71)(50 52)(53 54)(57 60 63)(59 61)(62 74)(64 66)(65 67)(69 70 72)


Clusters at Iteration K = 28
( 8 12)( 9 10 11)(13 14 15 16 18 20)(19 21)(23 26 27)(24 25 28)(29 30 31 32 33 34)(35 36)(37 40 42 45)(38 41 46 49 51 73)(43 44 68 71)(50 52)(53 54 57 60 63)(59 61)(62 74)(64 66)(65 67)(69 70 72)


Clusters at Iteration K = 27
( 7 11)( 8  9 10 12)(13 14 15 16 18 20)(19 21)(23 26 27)(24 25 28)(29 30 31 32 33 34)(35 36)(37 40 42 45)(38 41 46 49 51 73)(43 44 68 71)(50 52)(53 54 57 60 63)(59 61)(62 74)(64 66)(65 67)(69 70 72)


Clusters at Iteration K = 26
( 7 11)( 8  9 10 12)(13 14 15 16 18 20)(19 21)(23 26 27)(24 25 28)(29 30 31 32 33 34)(35 36)(37 40 42 45)(38 41 46 49 51 73)(43 44 68 71)(50 52)(53 54 57 60 63)(56 59 61)(62 74)(64 66)(65 67)(69 70 72)


Clusters at Iteration K = 25
( 6  7 11)( 8  9 10 12)(13 14 15 16 18 20)(19 21)(23 26 27)(24 25 28)(29 30 31 32 33 34)(35 36)(37 40 42 45)(38 41 46 49 51 73)(43 44 68 71)(50 52)(53 54 57 60 63)(56 59 61)(62 74)(64 66)(65 67)(69 70 72)


Clusters at Iteration K = 24
( 6  7 11)( 8  9 10 12)(13 14 15 16 18 20)(19 21 23 26)(22 27)(24 25 28)(29 30 31 32 33 34)(35 36)(37 40 42 45)(38 41 46 49 51 73)(43 44 68 71)(50 52)(53 54 57 60 63)(56 59 61)(62 74)(64 66)(65 67)(69 70 72)


Clusters at Iteration K = 23
( 6  7 11)( 8  9 10 12)(13 14 15 16 18 20)(19 21 23 26)(22 27)(24 25 28)(29 30 31 32 33 34)(35 36)(37 40 42 45)(38 41 46 49 51 73)(39 53 54 57 60 63)(43 44 68 71)(50 52)(56 59 61)(62 74)(64 66)(65 67)(69 70 72)


Clusters at Iteration K = 22
( 6  7 11)( 8  9 10 12)(13 14 15 16 18 20)(19 21 23 26)(22 27)(24 25 28)(29 30 31 32 33 34)(35 36)(37 40 42 45)(38 41 46 49 51 73)(39 53 54 57 60 63)(43 44 48 68 71)(50 52)(56 59 61)(62 74)(64 66)(65 67)(69 70 72)


Clusters at Iteration K = 21
( 6  7 11)( 8  9 10 12)(13 14 15 16 18 20)(19 21 23 26)(22 27)(24 25 28)(29 30 31 32 33 34)(35 36)(37 40 42 45)(38 41 46 49 51 73)(39 53 54 57 60 63)(43 44 48 68 71)(50 52 56)(58 59)(61 62 74)(64 66)(65 67)(69 70 72)


Clusters at Iteration K = 20
( 6  7  8  9 10 12)(11 19 21 23 26)(13 14 15 16 18 20)(22 27)(24 25 28)(29 30 31 32 33 34)(35 36)(37 40 42 45)(38 41 46 49 51 73)(39 53 54 57 60 63)(43 44 48 68 71)(50 52 56)(58 59)(61 62 74)(64 66)(65 67)(69 70 72)


Clusters at Iteration K = 19
( 6  7  8  9 10 11 19 21 23 26)(12 13 14 15 16 18 20)(22 27)(24 25 28)(29 30 31 32 33 34)(35 36)(37 40 42 45)(38 41 46 49 51 73)(39 53 54 57 60 63)(43 44 48 68 71)(50 52 56)(58 59)(61 62 74)(64 66)(65 67)(69 70 72)


Clusters at Iteration K = 18
( 6  7  8  9 10 11 19 21 23 26)(12 13 14 15 16 18 20)(22 27)(24 25 28)(29 30 31 32 33 34)(35 36)(37 40 42 45)(38 41 46 49 51 73)(39 53 54 57 60 63)(43 44 48 68 69 70 71 72)(50 52 56)(58 59)(61 62 74)(64 66)(65 67)


Clusters at Iteration K = 17
( 6  7  8  9 10 11 19 21 23 26)(12 13 14 15 16 18 20)(22 27)(24 25 28)(29 30 31 32 33 34 35)(36 38 41 46 49 51 73)(37 40 42 45)(39 53 54 57 60 63)(43 44 48 68 69 70 71 72)(50 52 56)(58 59)(61 62 74)(64 66)(65 67)


Clusters at Iteration K = 16
( 6  7  8  9 10 11 12 13 14 15 16 18 20 21 23 26)(19 24 25 28)(22 27)(29 30 31 32 33 34 35)(36 38 41 46 49 51 73)(37 40 42 45)(39 53 54 57 60 63)(43 44 48 68 69 70 71 72)(50 52 56)(58 59)(61 62 74)(64 66)(65 67)


Clusters at Iteration K = 15
( 6  7  8  9 10 11 12 13 14 15 16 18 20 21 23 26)(19 24 25 28)(22 27)(29 30 31 32 33 34 35 36 38 46)(37 40 41 42 45)(39 49 51 53 54 57 60 63)(43 44 48 68 69 70 71 72 73)(50 52 56)(58 59)(61 62 74)(64 66)(65 67)


Clusters at Iteration K = 14
( 6  7  8  9 10 11 12 13 14 15 16 18 20 21 23 26)(17 19 24 25 28)(22 27)(29 30 31 32 33 34 35 36 38 46)(37 40 41 42 45)(39 49 51 53 54 57 60 63)(43 44 48 68 69 70 71 72 73)(50 52 56)(58 59)(61 62 74)(64 66)(65 67)


Clusters at Iteration K = 13
( 6  7  8  9 10 11 12 13 14 15 16 17 18 19 20 21 23 24 25 26 28)(22 27)(29 30 31 32 33 34 35 36 38 46)(37 40 41 42 45)(39 49 51 53 54 57 60 63)(43 44 48 68 69 70 71 72 73)(50 52 56)(58 59)(61 62 74)(64 66)(65 67)


Clusters at Iteration K = 12
( 6  7  8  9 10 11 12 13 14 15 16 17 18 19 20 21 23 24 25 26 28)(22 27)(29 30 31 32 33 34 35 36 38 46)(37 40 41 42 44 45)(39 49 51 53 54 57 60 63)(43 48 50 52 56)(58 59 69)(61 62 74)(64 66)(65 67 68 70 71 72 73)


Clusters at Iteration K = 11
( 6  7  8  9 10 11 12 13 14 15 16 17 18 19 20 21 22 23 24 25 26 28)(27 43 48 50 52 56)(29 30 31 32 33 34 35 36 38 46)(37 40 41 42 44 45)(39 49 51 53 54 57 60 63)(58 59 69)(61 62 74)(64 66)(65 67 68 70 71 72 73)


Clusters at Iteration K = 10
( 6  7  8  9 10 11 12 13 14 15 16 17 18 19 20 21 22 23 24 25 26 28)(27 43 48 50 52 56)(29 30 31 32 33 34 35 36 38 46)(37 39 40 41 42 44 45)(49 61 62 74)(51 53 54 57 60 63 64 66)(58 59 69)(65 67 68 70 71 72 73)


Clusters at Iteration K = 9
( 6  7  8  9 10 11 12 13 14 15 16 17 18 19 20 21 22 23 24 25 26 28)(27 43 48 50 52 56)(29 30 31 32 33 34 35 36 38 46)(37 39 40 41 42 44 45)(49 61 62 74)(51 53 54 57 58 59 60 63 64 66)(65 67 68 69 70 71 72 73)


Clusters at Iteration K = 8
( 6  7  8  9 10 11 12 13 14 15 16 17 18 19 20 21 22 23 24 25 26 28)(27 43 48 50 52 56)(29 30 31 32 33 34 35 36 37 38 41 46)(39 40 42 44 49 61 62 74)(45 47)(51 53 54 57 58 59 60 63 64 66)(65 67 68 69 70 71 72 73)


Clusters at Iteration K = 7
( 6  7  8  9 10 11 12 13 14 15 16 17 18 19 20 21 22 23 24 25 26 28)(27 43 48 50 52 56)(29 30 31 32 33 34 35 36 37 38 41 46)(39 42 44 45 47)(40 49 62 65 67 68 69 70 71 72 73 74)(51 53 54 57 58 59 60 61 63 64 66)


Clusters at Iteration K = 6
( 6  7  8 12 18 39 42 44 45 47)( 9 10 11 13 14 16 20 21 23 24 25 26 40 49 62 65 67 68 69 70 71 72 73 74)(15 17 19 28 29 30 31 32 33 34 35 36 37 38 41 46)(22 27 43 48 50 52 56)(51 53 54 57 58 59 60 61 63 64 66)


Clusters at Iteration K = 5
( 6  7  8 12 18 39 42 44 45 47)( 9 10 11 13 14 16 20 21 23 24 25 26 40 49 62 65 67 68 69 70 71 72 73 74)(15 17 19 28 29 30 31 32 33 34 35 36 37 38 41 46)(22 27 43 48 50 52 56)(51 53 54 55 57 58 59 60 61 63 64 66)


Clusters at Iteration K = 4
( 6  7  8  9 10 11 12 13 14 16 18 20 21 23 24 25 26 39 40 49 62 65 67 68
 69 70 71 72 73 74)(15 17 19 28 29 30 31 32 33 34 35 36 37 38 41 46)(22 27 42 43 44 47 48 50 52 56)(45 51 53 54 55 57 58 59 60 61 63 64 66)


Clusters at Iteration K = 3
( 6  7  8  9 10 11 12 13 14 15 16 17 18 19 20 21 23 24 25 26 28 29 30 31
 32 33 34 35 36 37 38 41 46)(22 27 40 42 43 44 47 48 49 50 52 56 62 65 68 69 70 71 72 73 74)(39 45 51 53 54 55 57 58 59 60 61 63 64 66 67)


Clusters at Iteration K = 2
( 6 12 17 20 23 26 28 29 30 31 32 33 35 37 38 39 41 45 46 51 53 54 55 57
 58 59 60 61 63 64 66 67)( 7  8  9 10 11 13 14 15 16 18 19 21 22 24 25 27 34 36 40 42 43 44 47 48
 49 50 52 56 62 65 68 69 70 71 72 73 74)

