First Pairwise Association at K = 68
(50 56)


Clusters at Iteration K = 67
(50 56)(68 70)


Clusters at Iteration K = 66
(12 14)(50 56)(68 70)


Clusters at Iteration K = 65
(12 14)(50 56)(63 66)(68 70)


Clusters at Iteration K = 64
(12 14)(13 20)(50 56)(63 66)(68 70)


Clusters at Iteration K = 63
(12 14)(13 20)(34 36)(50 56)(63 66)(68 70)


Clusters at Iteration K = 62
(12 14)(13 20)(34 36)(49 73)(50 56)(63 66)(68 70)


Clusters at Iteration K = 61
(12 14)(13 20)(34 36)(49 73)(50 56)(54 63 66)(68 70)


Clusters at Iteration K = 60
(12 14)(13 18 20)(34 36)(49 73)(50 56)(54 63 66)(68 70)


Clusters at Iteration K = 59
(12 14)(13 18 20)(34 36)(45 47)(49 73)(50 56)(54 63 66)(68 70)


Clusters at Iteration K = 58
(12 14)(13 18 20)(24 25)(34 36)(45 47)(49 73)(50 56)(54 63 66)(68 70)


Clusters at Iteration K = 57
(7 8)(12 14)(13 18 20)(24 25)(34 36)(45 47)(49 73)(50 56)(54 63 66)(68 70)


Clusters at Iteration K = 56
(7 8 9)(12 14)(13 18 20)(24 25)(34 36)(45 47)(49 73)(50 56)(54 63 66)(68 70)


Clusters at Iteration K = 55
(7 8 9)(12 14)(13 18 20)(23 26)(24 25)(34 36)(45 47)(49 73)(50 56)(54 63 66)(68 70)


Clusters at Iteration K = 54
(7 8 9)(12 14)(13 18 20)(23 26)(24 25)(34 36)(45 47)(49 73)(50 52)(54 63 66)(56 61)(68 70)


Clusters at Iteration K = 53
(7 8 9)(12 14)(13 18 20)(23 26)(24 25)(34 36)(45 46)(47 50 52)(49 73)(54 63 66)(56 61)(68 70)


Clusters at Iteration K = 52
(7 8 9)(12 14)(13 18 20)(23 26)(24 25)(34 36)(45 46)(47 50 52)(49 70 73)(54 63 66)(56 61)(68 71)


Clusters at Iteration K = 51
( 6 11)(7 8 9)(12 14)(13 18 20)(23 26)(24 25)(34 36)(45 46)(47 50 52)(49 70 73)(54 63 66)(56 61)(68 71)


Clusters at Iteration K = 50
( 6 11)(7 8 9)(12 14)(13 18 20)(23 26)(24 25)(34 36)(45 46)(47 50 52)(49 70 73)(54 58 63 66)(56 61)(68 71)


Clusters at Iteration K = 49
( 6 11)(7 8 9)(12 14)(13 18 20)(23 26)(24 25)(34 36)(45 46)(47 50 52)(49 70 73)(54 58 62 63 66)(56 61)(68 71)


Clusters at Iteration K = 48
( 6 11)(7 8 9)(12 14)(13 18 20)(23 26)(24 25)(34 36)(45 46)(47 50 52 56)(49 70 73)(54 58 62 63 66)(59 61)(68 71)


Clusters at Iteration K = 47
( 6 11)(7 8 9)(12 14)(13 18 20)(23 26)(24 25)(34 36)(45 46)(47 50 52 56)(49 70 73)(54 58 62 63 64 66)(59 61)(68 71)


Clusters at Iteration K = 46
( 6 11)(7 8 9)(12 14)(13 18 20)(23 26)(24 25)(29 30)(34 36)(45 46)(47 50 52 56)(49 70 73)(54 58 62 63 64 66)(59 61)(68 71)


Clusters at Iteration K = 45
( 6 11)(7 8 9)(12 14)(13 18 20)(23 26)(24 25)(29 30)(33 34 36)(45 46)(47 50 52 56)(49 70 73)(54 58 62 63 64 66)(59 61)(68 71)


Clusters at Iteration K = 44
( 6 11)(7 8 9)(12 14)(13 16 18 20)(23 26)(24 25)(29 30)(33 34 36)(45 46)(47 50 52 56)(49 70 73)(54 58 62 63 64 66)(59 61)(68 71)


Clusters at Iteration K = 43
( 6 11)(7 8 9)(12 14)(13 16 18 20)(23 26)(24 25)(29 30)(33 34 35 36)(45 46)(47 50 52 56)(49 70 73)(54 58 62 63 64 66)(59 61)(68 71)


Clusters at Iteration K = 42
( 6 11)(7 8 9)(12 14)(13 16 18 20)(23 26)(24 25)(29 30)(33 34 35 36)(45 46)(47 50 52 56)(49 70 73 74)(54 58 62 63 64 66)(59 61)(68 71)


Clusters at Iteration K = 41
( 6 11)(7 8 9)(12 14)(13 16 18 20)(23 26)(24 25)(29 30 31)(33 34 35 36)(45 46)(47 50 52 56)(49 70 73 74)(54 58 62 63 64 66)(59 61)(68 71)


Clusters at Iteration K = 40
( 6 11)(7 8 9)(12 14)(13 16 18 20)(23 26)(24 25)(29 30 31)(33 34 35 36)(45 46)(47 50 52 56)(49 70 73 74)(54 58 62 63 64 66)(59 61)(68 69 71)


Clusters at Iteration K = 39
( 6 11)(7 8 9)(12 14)(13 16 18 20)(23 26)(24 25)(29 30 31)(33 34 35 36)(45 46)(47 50 52 56)(49 70 73 74)(54 58 62 63 64 66)(59 60 61)(68 69 71)


Clusters at Iteration K = 38
( 6 11)(7 8 9)(12 14)(13 16 18 20)(23 26)(24 25)(29 30 31)(33 34 35 36)(45 46)(47 50 52 56)(49 70 73 74)(54 58 62 63 64 66)(59 60 61)(65 68 69 71)


Clusters at Iteration K = 37
( 6 11)(7 8 9)(12 14)(13 16 18 20)(23 26)(24 25)(29 30 31)(33 34 35 36)(44 45 46)(47 50 52 56)(49 70 73 74)(54 58 62 63 64 66)(59 60 61)(65 68 69 71)


Clusters at Iteration K = 36
( 6 11)(7 8 9)(12 14)(13 16 18 20)(23 26)(24 25)(29 30 31)(33 34 35 36)(44 45 46)(47 50 52 56)(49 65 68 70 71 73 74)(54 58 62 63 64 66)(59 60 61)(69 72)


Clusters at Iteration K = 35
( 6 11)(7 8 9)(12 14)(13 16 18 20)(23 26)(24 25)(29 30 31)(33 34 35 36)(41 43)(44 45 46)(47 50 52 56)(49 65 68 70 71 73 74)(54 58 62 63 64 66)(59 60 61)(69 72)


Clusters at Iteration K = 34
( 6 11)(7 8 9)(12 14)(13 16 18 20)(23 26)(24 25)(29 30 31)(33 34 35 36)(41 43)(44 45 46)(47 50 52 56)(49 54 58 62 63 64 65 66)(59 60 61)(68 69 70 71 72 73 74)


Clusters at Iteration K = 33
( 6 11)(7 8 9)(12 14)(13 16 18 20)(21 22)(23 26)(24 25)(29 30 31)(33 34 35 36)(41 43)(44 45 46)(47 50 52 56)(49 54 58 62 63 64 65 66)(59 60 61)(68 69 70 71 72 73 74)


Clusters at Iteration K = 32
( 6 11)(7 8 9)(12 14)(13 16 18 20)(19 24)(21 22)(23 26)(25 29 30 31)(33 34 35 36)(41 43)(44 45 46)(47 50 52 56)(49 54 58 62 63 64 65 66)(59 60 61)(68 69 70 71 72 73 74)


Clusters at Iteration K = 31
( 6 11)(7 8 9)(12 14)(13 16 18 20)(19 24)(21 22)(23 26)(25 29 30 31)(33 34 35 36)(41 43)(44 45 46)(47 50 52 56)(49 54 58 59 60 61 62 63 64 65 66)(68 69 70 71 72 73 74)


Clusters at Iteration K = 30
( 6 11)( 7  8  9 21)(12 14)(13 16 18 20)(19 24)(22 27)(23 26)(25 29 30 31)(33 34 35 36)(41 43)(44 45 46)(47 50 52 56)(49 54 58 59 60 61 62 63 64 65 66)(68 69 70 71 72 73 74)


Clusters at Iteration K = 29
( 6 11)( 7  8  9 21)(12 14)(13 16 18 20)(19 24)(22 27)(23 25 26)(29 30 31 33 34 35 36)(41 43)(44 45 46)(47 50 52 56)(49 54 58 59 60 61 62 63 64 65 66)(68 69 70 71 72 73 74)


Clusters at Iteration K = 28
( 6 11)( 7  8  9 21)(12 14)(13 16 18 19 20 24)(22 27)(23 25 26)(29 30 31 33 34 35 36)(41 43)(44 45 46)(47 50 52 56)(49 54 58 59 60 61 62 63 64 65 66)(68 69 70 71 72 73 74)


Clusters at Iteration K = 27
( 6 11)( 7  8  9 21)(12 14)(13 16 18 19 20 24)(22 27)(23 25 26)(29 30 31 32 33 34 35 36)(41 43)(44 45 46)(47 50 52 56)(49 54 58 59 60 61 62 63 64 65 66)(68 69 70 71 72 73 74)


Clusters at Iteration K = 26
( 6 11)( 7  8  9 21)(12 14)(13 16 18 19 20 24)(22 27)(23 25 26)(29 30 31 32 33 34 35 36)(41 43)(44 45 46)(47 50 52 56)(49 54 57 58 59 60 61 62 63 64 65 66)(68 69 70 71 72 73 74)


Clusters at Iteration K = 25
( 6 11)( 7  8  9 21)(12 14)(13 16 18 19 20 24)(22 27)(23 25 26)(29 30 31 32 33 34 35 36)(39 40)(41 43)(44 45 46)(47 50 52 56)(49 54 57 58 59 60 61 62 63 64 65 66)(68 69 70 71 72 73 74)


Clusters at Iteration K = 24
( 6 11)( 7  8  9 21)(12 14)(13 16 18 19 20 24)(22 27)(23 25 26)(29 30 31 32 33 34 35 36)(39 40)(41 43)(44 45 46)(47 50 52 56)(49 51)(53 54 57)(58 61 64 65 67)(59 60 62 63 66 68 69 70 71 72 73 74)


Clusters at Iteration K = 23
( 6 11)( 7  8  9 21)(12 14)(13 16 18 19 20 24)(22 27)(23 25 26)(29 30 31 32 33 34 35 36 38)(39 40)(41 43)(44 45 46)(47 50 52 56)(49 51)(53 54 57)(58 61 64 65 67)(59 60 62 63 66 68 69 70 71 72 73 74)


Clusters at Iteration K = 22
( 6 11)( 7  8  9 13 18 19 21 24)(12 14)(15 16)(20 23 25 26)(22 27)(29 30 31 32 33 34 35 36 38)(39 40)(41 43)(44 45 46)(47 50 52 56)(49 51)(53 54 57)(58 61 64 65 67)(59 60 62 63 66 68 69 70 71 72 73 74)


Clusters at Iteration K = 21
( 6 11)( 7  8  9 13 15 16 18 19 21 24)(12 14)(20 23 25 26)(22 27)(29 30 31 32 33 34 35 36 38)(39 40)(41 43)(44 45 46)(47 50 52 56)(49 51)(53 54 57)(58 61 64 65 67)(59 60 62 63 66 68 69 70 71 72 73 74)


Clusters at Iteration K = 20
( 6 11)( 7  8  9 12 13 14 15 16 18 19 21 24)(20 23 25 26)(22 27)(29 30 31 32 33 34 35 36 38)(39 40)(41 43)(44 45 46)(47 50 52 56)(49 51)(53 54 57)(58 61 64 65 67)(59 60 62 63 66 68 69 70 71 72 73 74)


Clusters at Iteration K = 19
( 6 11)( 7  8  9 12 13 14 15 16 18 19 21 24)(10 17)(20 23 25 26)(22 27)(29 30 31 32 33 34 35 36 38)(39 40)(41 43)(44 45 46)(47 50 52 56)(49 51)(53 54 57)(58 61 64 65 67)(59 60 62 63 66 68 69 70 71 72 73 74)


Clusters at Iteration K = 18
( 6 10 11)( 7  8  9 12 13 14 15 16 18 19 21 24)(17 20 23 25 26)(22 27)(29 30 31 32 33 34 35 36 38)(39 40)(41 43)(44 45 46)(47 50 52 56)(49 51)(53 54 57)(58 61 64 65 67)(59 60 62 63 66 68 69 70 71 72 73 74)


Clusters at Iteration K = 17
( 6 10 11)( 7  8  9 12 13 14 15 16 18 19 21 24)(17 20 23 25 26)(22 27)(29 30 31 32 33 34 35 36 38)(39 40)(41 43)(44 45 46 48)(47 50 52 56)(49 51)(53 54 57)(58 61 64 65 67)(59 60 62 63 66 68 69 70 71 72 73 74)


Clusters at Iteration K = 16
( 6 10 11)( 7  8  9 12 13 14 15 16 17 18 19 20 21 23 24)(22 27)(25 28)(26 29 30 31 32 33 34 35 36 38)(39 40)(41 43)(44 45 46 48)(47 50 52 56)(49 51)(53 54 57)(58 61 64 65 67)(59 60 62 63 66 68 69 70 71 72 73 74)


Clusters at Iteration K = 15
( 6 10 11)( 7  8  9 12 13 14 15 16 17 18 19 20 21 23 24)(22 27)(25 28)(26 29 30 31 32 33 34 35 36 38)(39 40 42)(41 43)(44 45 46 48)(47 50 52 56)(49 51)(53 54 57)(58 61 64 65 67)(59 60 62 63 66 68 69 70 71 72 73 74)


Clusters at Iteration K = 14
( 6 10 11)( 7  8  9 12 13 14 15 16 17 18 19 20 21 23 24)(22 27)(25 28)(26 29 30 31 32 33 34 35 36 38)(37 41 43)(39 40 42)(44 45 46 48)(47 50 52 56)(49 51)(53 54 57)(58 61 64 65 67)(59 60 62 63 66 68 69 70 71 72 73 74)


Clusters at Iteration K = 13
( 6 10 11)( 7  8  9 12 13 14 15 16 17 18 19 20 21 23 24)(22 27)(25 28)(26 29 30 31 32 33 34 35 36 38)(37 41 43)(39 40 42)(44 45 46 47 48 50)(49 51)(52 55)(53 54 57)(56 59 60 62 63 66 68 69 70 71 72 73 74)(58 61 64 65 67)


Clusters at Iteration K = 12
( 6 10 11)( 7  8  9 12 13 14 15 16 17 18 19 20 21 23 24)(22 27)(25 26 28 29 30 31 32 33 34 35 36 38)(37 41 43)(39 40 42)(44 45 46 47 48 50)(49 51)(52 55)(53 54 57)(56 59 60 62 63 66 68 69 70 71 72 73 74)(58 61 64 65 67)


Clusters at Iteration K = 11
( 6 10 11)( 7  8  9 12 13 14 15 16 17 18 19 20 21 23 24)(22 27)(25 26 28 29 30 31 32 33 34 35 36 38)(37 41 43)(39 40 42)(44 45 46 47 48 50)(49 51)(52 55)(53 54 57)(56 58 59 60 61 62 63 64 65 66 67 68 69 70 71 72 73 74)


Clusters at Iteration K = 10
( 6 10 11)( 7  8  9 12 13 14 15 16 17 18 19 20 21 22 23 24)(25 26 27 28 29 30 31 32 33 34 35 36 38)(37 41 43)(39 40 42)(44 45 46 47 48 50)(49 51)(52 55)(53 54 57)(56 58 59 60 61 62 63 64 65 66 67 68 69 70 71 72 73 74)


Clusters at Iteration K = 9
( 6 10 11)( 7  8  9 12 13 14 15 16 17 18 19 20 21 22 23 24)(25 26 27 28 29 30 31 32 33 34 35 36 38)(37 41 43)(39 40 42)(44 45 46 47 48 50 57)(49 51 53 54)(52 55)(56 58 59 60 61 62 63 64 65 66 67 68 69 70 71 72 73 74)


Clusters at Iteration K = 8
( 6 10 11)( 7  8  9 12 13 14 15 16 17 18 19 20 21 22 23 24)(25 26 27 28 29 30 31 32 33 34 35 36 38 63 65 71 73 74)(37 41 43)(39 40 42)(44 45 46 47 48 50 57 59 61 66 67 68 69 70)(49 51 53 54 60 62 64 72)(52 55 56 58)


Clusters at Iteration K = 7
( 6  7  8  9 10 11 12 13 14 15 16 17 18 19 20 21 22 23 24)(25 26 27 28 29 30 31 32 33 34 35 36 38 63 65 71 73 74)(37 41 43)(39 40 42)(44 45 46 47 48 50 57 59 61 66 67 68 69 70)(49 51 53 54 60 62 64 72)(52 55 56 58)


Clusters at Iteration K = 6
( 6  7  8  9 10 11 12 13 14 15 16 17 18 19 20 21 22 23 24 25 26 28 29 31
 32 34 35 36 71)(27 30 37 38 41 43)(33 39 40 42 74)(44 45 46 47 48 50 57 59 61 63 65 66 67 68 69 70 73)(49 51 53 54 60 62 64 72)(52 55 56 58)


Clusters at Iteration K = 5
( 6  7  8  9 10 11 12 13 14 15 16 17 18 19 20 21 22 23 24 25 26 28 29 31
 32 34 35 36 71)(27 30 37 38 41 43 69)(33 39 40 42 44 45 46 70 73 74)(47 50 52 55 56 57 58 61 65 68)(48 49 51 53 54 59 60 62 63 64 66 67 72)


Clusters at Iteration K = 4
( 6  7  8  9 10 11 12 13 14 15 16 17 18 19 20 21 22 23 24 25 26 28 29 31
 32 34 35 36 71)(27 30 37 38 41 43 47 52 69)(33 39 40 42 44 45 46 68 70 73 74)(48 49 50 51 53 54 55 56 57 58 59 60 61 62 63 64 65 66 67 72)


Clusters at Iteration K = 3
( 6  7  8  9 10 11 12 13 14 15 16 17 18 19 20 21 22 23 24 25 26 28 29 31
 32 34 35 36 54 59 60 61 62 63 67 71)(27 30 37 38 41 43 47 50 52 69)(33 39 40 42 44 45 46 48 49 51 53 55 56 57 58 64 65 66 68 70 72 73 74)


Clusters at Iteration K = 2
( 6  7  8  9 10 11 12 13 14 15 16 17 18 19 20 21 22 23 24 25 26 28 29 31
 32 33 34 35 36 39 40 45 46 49 51 53 54 55 57 58 59 60 61 62 63 64 65 66
 67 68 70 71 72 73 74)(27 30 37 38 41 42 43 44 47 48 50 52 56 69)

