First Pairwise Association at K = 68
(18 19)


Clusters at Iteration K = 67
(18 19)(73 74)


Clusters at Iteration K = 66
( 9 21)(18 19)(73 74)


Clusters at Iteration K = 65
( 9 21)(18 19)(43 44)(73 74)


Clusters at Iteration K = 64
( 9 21)(18 19)(39 40)(43 44)(73 74)


Clusters at Iteration K = 63
( 9 21)(15 17)(18 19)(39 40)(43 44)(73 74)


Clusters at Iteration K = 62
( 9 21)(15 17)(18 19)(39 40)(43 44)(63 64)(73 74)


Clusters at Iteration K = 61
( 9 21)(15 17)(16 18 19)(39 40)(43 44)(63 64)(73 74)


Clusters at Iteration K = 60
( 9 21)(13 15)(14 17)(16 18 19)(39 40)(43 44)(63 64)(73 74)


Clusters at Iteration K = 59
(7 8)( 9 21)(13 15)(14 17)(16 18 19)(39 40)(43 44)(63 64)(73 74)


Clusters at Iteration K = 58
(7 8)( 9 21)(13 15)(14 17)(16 18 19)(39 40)(43 44)(45 47)(63 64)(73 74)


Clusters at Iteration K = 57
(7 8)( 9 21)(13 15)(14 17)(16 18 19)(34 35)(39 40)(43 44)(45 47)(63 64)(73 74)


Clusters at Iteration K = 56
(7 8)( 9 21)(13 15)(14 17)(16 18 19)(31 34 35)(39 40)(43 44)(45 47)(63 64)(73 74)


Clusters at Iteration K = 55
(7 8)( 9 21)(13 15)(14 17)(16 18 19)(29 30)(31 34 35)(39 40)(43 44)(45 47)(63 64)(73 74)


Clusters at Iteration K = 54
(7 8)( 9 21)(13 15)(14 17)(16 18 19)(29 30)(31 34 35)(39 40)(43 44)(45 47)(59 60)(63 64)(73 74)


Clusters at Iteration K = 53
(7 8)( 9 21)(13 15)(14 17)(16 18 19)(24 25)(29 30)(31 34 35)(39 40)(43 44)(45 47)(59 60)(63 64)(73 74)


Clusters at Iteration K = 52
(7 8)( 9 21)(13 15)(14 17)(16 18 19)(24 25)(29 30)(31 34 35)(39 40)(43 44)(45 47)(59 60)(62 63 64)(73 74)


Clusters at Iteration K = 51
(7 8)( 9 11 21)(13 15)(14 17)(16 18 19)(24 25)(29 30)(31 34 35)(39 40)(43 44)(45 47)(59 60)(62 63 64)(73 74)


Clusters at Iteration K = 50
(7 8)( 9 11 21)(13 15)(14 17)(16 18 19)(24 25)(29 30)(31 34 35)(39 40)(42 49)(43 44)(45 47)(59 60)(62 63 64)(73 74)


Clusters at Iteration K = 49
(7 8)( 9 11 21)(13 15)(14 17)(16 18 19)(24 25)(29 30)(31 34 35)(39 40 42)(43 44)(45 47)(49 73 74)(59 60)(62 63 64)


Clusters at Iteration K = 48
(7 8)( 9 11 21)(13 15 16 18 19)(14 17)(24 25)(29 30)(31 34 35)(39 40 42)(43 44)(45 47)(49 73 74)(59 60)(62 63 64)


Clusters at Iteration K = 47
(7 8)( 9 11 21)(13 15 16 18 19)(14 17)(24 25)(29 30)(31 34 35)(39 40 42)(43 44)(45 47)(49 71 73 74)(59 60)(62 63 64)


Clusters at Iteration K = 46
(7 8)( 9 11 21)(13 15 16 18 19)(14 17)(24 25)(29 30)(31 34 35)(39 40 42)(43 44)(45 47)(49 71 72 73 74)(59 60)(62 63 64)


Clusters at Iteration K = 45
(7 8)( 9 10 11 21)(13 15 16 18 19)(14 17)(24 25)(29 30)(31 34 35)(39 40 42)(43 44)(45 47)(49 71 72 73 74)(59 60)(62 63 64)


Clusters at Iteration K = 44
(7 8)( 9 10 11 21)(13 15 16 18 19)(14 17)(24 25)(29 30)(31 33 34 35)(39 40 42)(43 44)(45 47)(49 71 72 73 74)(59 60)(62 63 64)


Clusters at Iteration K = 43
(7 8)( 9 10 11 21)(13 15 16 18 19)(14 17)(23 26)(24 25)(29 30)(31 33 34 35)(39 40 42)(43 44)(45 47)(49 71 72 73 74)(59 60)(62 63 64)


Clusters at Iteration K = 42
(7 8)( 9 10 11 21)(13 15 16 18 19)(14 17)(23 26)(24 25)(29 30)(31 33 34 35)(39 40 42)(43 44)(45 47)(49 71 72 73 74)(59 60)(62 63 64)(66 68)


Clusters at Iteration K = 41
( 7  8  9 10 11 21)(13 15 16 18 19)(14 17)(23 26)(24 25)(29 30)(31 33 34 35)(39 40 42)(43 44)(45 47)(49 71 72 73 74)(59 60)(62 63 64)(66 68)


Clusters at Iteration K = 40
( 7  8  9 10 11 21)(13 15 16 18 19)(14 17)(23 26)(24 25)(29 30)(31 33 34 35)(39 40 42)(43 44)(45 47)(49 71 72 73 74)(59 60)(62 63 64)(66 68 70)


Clusters at Iteration K = 39
( 7  8  9 10 11 21)(13 15 16 18 19)(14 17)(23 26)(24 25)(29 30)(31 33 34 35)(39 40 42)(43 44 46)(45 47)(49 71 72 73 74)(59 60)(62 63 64)(66 68 70)


Clusters at Iteration K = 38
( 7  8  9 10 11 21)(13 15 16 18 19)(14 17)(23 26)(24 25)(29 30)(31 33 34 35)(39 40 42)(43 44 46)(45 47)(49 71 72 73 74)(51 54)(59 60)(62 63 64)(66 68 70)


Clusters at Iteration K = 37
( 7  8  9 10 11 21)(13 15 16 18 19)(14 17)(23 24 25 26)(29 30)(31 33 34 35)(39 40 42)(43 44 46)(45 47)(49 71 72 73 74)(51 54)(59 60)(62 63 64)(66 68 70)


Clusters at Iteration K = 36
( 7  8  9 10 11 21)(13 15 16 18 19)(14 17)(23 24 25 26)(29 30)(31 32 33 34 35)(39 40 42)(43 44 46)(45 47)(49 71 72 73 74)(51 54)(59 60)(62 63 64)(66 68 70)


Clusters at Iteration K = 35
( 7  8  9 10 11 21)(13 15 16 18 19)(14 17)(23 24 25 26 28)(29 30)(31 32 33 34 35)(39 40 42)(43 44 46)(45 47)(49 71 72 73 74)(51 54)(59 60)(62 63 64)(66 68 70)


Clusters at Iteration K = 34
( 7  8  9 10 11 21)(13 15 16 18 19)(14 17)(23 24 25 26 28)(29 30)(31 32 33 34 35)(39 40 42)(43 44 46)(45 47)(49 71 72 73 74)(51 54 55)(59 60)(62 63 64)(66 68 70)


Clusters at Iteration K = 33
( 7  8  9 10 11 21)(13 15 16 18 19)(14 17)(23 24 25 26 28)(29 30)(31 32 33 34 35)(39 40 42)(43 44 46)(45 47)(49 63 64 71 72 73 74)(51 54 55)(59 60)(62 65)(66 68 70)


Clusters at Iteration K = 32
( 7  8  9 10 11 21)(13 15 16 18 19)(14 17)(23 24 25 26 28)(29 30)(31 32 33 34 35 36)(39 40 42)(43 44 46)(45 47)(49 63 64 71 72 73 74)(51 54 55)(59 60)(62 65)(66 68 70)


Clusters at Iteration K = 31
( 7  8  9 10 11 21)(13 15 16 18 19)(14 17)(23 24 25 26 28)(29 30)(31 32 33 34 35 36)(39 40 42)(43 44 46)(45 47)(49 63 64 71 72 73 74)(50 56)(51 54 55)(59 60)(62 65)(66 68 70)


Clusters at Iteration K = 30
( 7  8  9 10 11 21)(12 14 17)(13 15 16 18 19)(23 24 25 26 28)(29 30)(31 32 33 34 35 36)(39 40 42)(43 44 46)(45 47)(49 63 64 71 72 73 74)(50 56)(51 54 55)(59 60)(62 65)(66 68 70)


Clusters at Iteration K = 29
( 7  8  9 10 11 21)(12 14 17)(13 15 16 18 19)(23 24 25 26 28)(29 30)(31 32 33 34 35 36)(39 40 42)(43 44 46 48)(45 47)(49 63 64 71 72 73 74)(50 56)(51 54 55)(59 60)(62 65)(66 68 70)


Clusters at Iteration K = 28
( 7  8  9 10 11 21)(12 14 17)(13 15 16 18 19)(23 24 25 26 28)(29 30)(31 32 33 34 35 36)(37 41)(39 40 42)(43 44 46 48)(45 47)(49 63 64 71 72 73 74)(50 56)(51 54 55)(59 60)(62 65)(66 68 70)


Clusters at Iteration K = 27
( 7  8  9 10 11 21)(12 14 17)(13 15 16 18 19 20)(23 24 25 26 28)(29 30)(31 32 33 34 35 36)(37 41)(39 40 42)(43 44 46 48)(45 47)(49 63 64 71 72 73 74)(50 56)(51 54 55)(59 60)(62 65)(66 68 70)


Clusters at Iteration K = 26
( 7  8  9 10 11 21)(12 14 17)(13 15 16 18 19 20)(23 24 25 26 28)(29 30)(31 32 33 34 35 36 46)(37 41)(39 40 42 43)(44 66 68 70)(45 47)(48 51 54 55)(49 63 64 71 72 73 74)(50 56)(59 60)(62 65)


Clusters at Iteration K = 25
( 7  8  9 10 11 21)(12 14 17)(13 15 16 18 19 20)(23 24 25 26 28)(29 30)(31 32 33 34 35 36 46)(37 41)(39 40 42 43)(44 66 68 70)(45 47)(48 51 54 55)(49 63 64 65 71 72 73 74)(50 56)(59 60 62)


Clusters at Iteration K = 24
( 7  8  9 10 11 21)(12 14 17)(13 15 16 18 19 20)(23 24 25 26 28)(29 30 31 32 33 34 35 36 46)(37 41)(39 40 42 43)(44 66 68 70)(45 47)(48 51 54 55)(49 63 64 65 71 72 73 74)(50 56)(59 60 62)


Clusters at Iteration K = 23
( 7  8  9 10 11 21)(12 14 17)(13 15 16 18 19 20)(23 24 25 26 28)(29 30 31 32 33 34 35 36 46)(37 39 40 42 43)(38 41)(44 66 68 70)(45 47)(48 51 54 55)(49 63 64 65 71 72 73 74)(50 56)(59 60 62)


Clusters at Iteration K = 22
( 7  8  9 10 11 21 23)(12 14 17)(13 15 16 18 19 20 24 25)(26 28 29 30 31 32 33 34 35 36 46)(37 39 40 42 43)(38 41)(44 66 68 70)(45 47)(48 51 54 55)(49 63 64 65 71 72 73 74)(50 56)(59 60 62)


Clusters at Iteration K = 21
( 7  8  9 10 11 21 23)(12 14 17)(13 15 16 18 19 20 24 25)(26 28 29 30 31 32 33 34 35 36 46)(37 39 40 42 43)(38 41)(44 55 66 68 70)(45 47)(48 49 63 64 65 71 72 73 74)(50 56)(51 53)(54 59 60 62)


Clusters at Iteration K = 20
( 7  8  9 10 11 21 23)(12 14 17)(13 15 16 18 19 20 24 25)(26 28 29 30 31 32 33 34 35 36 46)(37 39 40 42 43)(38 41)(44 55 66 68 70)(45 47)(48 49 63 64 65 71 72 73 74)(50 52)(51 53)(54 59 60 62)(56 61)


Clusters at Iteration K = 19
( 7  8  9 10 11 21 23 26 31 34 36)(12 14 17 28 29)(13 15 16 18 19 20 24 25 32 33 35)(27 30)(37 39 40 42 43)(38 41)(44 46 55 66 68 70)(45 47)(48 49 63 64 65 71 72 73 74)(50 52)(51 53)(54 59 60 62)(56 61)


Clusters at Iteration K = 18
( 7  8  9 10 11 21 23 26 31 34 36)(12 14 17 28 29)(13 15 16 18 19 20 24 25 32 33 35)(27 30)(37 39 40 42 43)(38 41)(44 46 55 66 68 70)(45 47)(48 49 63 64 65 71 72 73 74)(50 52)(51 53 54 59 60 62)(56 61)


Clusters at Iteration K = 17
( 7  8  9 10 11 21 23 26 31 34 36)(12 14 17 28 29)(13 15 16 18 19 20 24 25 32 33 35)(27 30)(37 39 40 42 43)(38 41)(44 46 55 66 68 70)(45 47)(48 49 58 63 64 65 71 72 73 74)(50 52)(51 53 54 59 60 62)(56 61)


Clusters at Iteration K = 16
( 7  8  9 10 11 21 23 26 31 34 36)(12 14 17 28 29)(13 15 16 18 19 20 24 25 32 33 35)(27 30)(37 39 40 42 43)(38 41)(44 46 48 55 65 66 68 70 71 72 73 74)(45 47)(49 51 53 54 58 59 60 62 63 64)(50 52)(56 61)


Clusters at Iteration K = 15
( 7  8  9 10 11 13 18 19 21 23 24 26 31 34 36)(12 14 15 16 17 20 25 28 29 32)(27 30)(33 37 39 40 42 43)(35 38 41)(44 46 48 55 65 66 68 70 71 72 73 74)(45 47)(49 51 53 54 58 59 60 62 63 64)(50 52)(56 61)


Clusters at Iteration K = 14
( 7  8  9 10 11 13 18 19 21 23 24 26 31 34 36)(12 14 15 16 17 20 25 28 29 32)(27 30)(33 37 39 40 42 43 44)(35 38 41)(45 46 47)(48 50 52)(49 51 53 54 55 58 59 60 62 63 64 71 74)(56 61)(65 66 67 73)(68 69 70 72)


Clusters at Iteration K = 13
( 7  8  9 10 11 13 18 19 21 23 24 26 31 34 36)(12 14 15 16 17 20 25 28 29 32)(27 30)(33 37 39 40 42 43 44)(35 38 41)(45 46 47)(48 50 52)(49 51 53 54 55 57 58 59 60 62 63 64 71 74)(56 61)(65 66 67 73)(68 69 70 72)


Clusters at Iteration K = 12
( 7  8  9 10 11 13 18 19 21 23 24 26 31 34 35 36)(12 14 15 16 17 20 25 28 29 32)(27 30)(33 37 38 39 40 41 42 43 44)(45 46 47)(48 50 52)(49 51 53 54 55 57 58 59 60 62 63 64 71 74)(56 61)(65 66 67 73)(68 69 70 72)


Clusters at Iteration K = 11
( 7  8  9 10 11 13 18 19 21 23 24 26 31 34 35 36)(12 14 15 16 17 20 25 28 29 32)(27 30)(33 37 38 39 40 41 42 43 44)(45 46 47)(48 50 52 56 61)(49 51 53 54 55 57 58 59 60 62 63 64 71 74)(65 66 67 73)(68 69 70 72)


Clusters at Iteration K = 10
( 7  8  9 10 11 13 18 19 21 23 24 26 31 34 35 36)(12 14 15 16 17 20 25 28 29 32)(22 27 30)(33 37 38 39 40 41 42 43 44)(45 46 47)(48 50 52 56 61)(49 51 53 54 55 57 58 59 60 62 63 64 71 74)(65 66 67 73)(68 69 70 72)


Clusters at Iteration K = 9
( 7  8  9 10 11 13 18 19 21 23 24 26 31 34 35 36)(12 14 15 16 17 20 22 25 27 28 29 30 32)(33 37 38 39 40 41 42 43 44)(45 46 47)(48 50 52 56 61)(49 51 53 54 55 57 58 59 60 62 63 64 71 74)(65 66 67 73)(68 69 70 72)


Clusters at Iteration K = 8
( 7  8  9 10 11 13 18 19 21 23 24 26 31 34 35 36)(12 14 15 16 17 20 22 25 27 28 29 30 32)(33 37 38 39 40 41 42 43 44)(45 46 47)(48 50 52 56 61)(49 51 53 54 55 57 58 59 60 62 63 64 65 66 71 74)(67 68 69 70 72 73)


Clusters at Iteration K = 7
( 7  8  9 10 11 13 18 19 21 23 24 26 31 34 35 36)(12 14 15 16 17 20 22 25 27 28 29 30 32)(33 37 38 39 40 41 42 43 44)(45 46 47)(48 50 52 56 61 67 70 73)(49 51 53 54 55 57 58 59 60 62 63 64 65 66 68 69 71 72 74)


Clusters at Iteration K = 6
( 7  8  9 10 11 13 18 19 21 23 24 26 31 34 35 36)(12 14 15 16 17 20 22 25 27 28 29 30 32)(33 37 38 39 40 41 42 43 44 49 51 74)(45 46 47)(48 50 52 53 54 55 56 57 58 59 60 61 62 63 64 65 66 67 68 69 70 71 72 73)


Clusters at Iteration K = 5
( 6  7  8  9 10 11 13 18 19 21 23 24 26 31 34 35 36)(12 14 15 16 17 20 22 25 27 28 29 30 32)(33 37 38 39 40 41 42 43 44 49 51 74)(45 46 47)(48 50 52 53 54 55 56 57 58 59 60 61 62 63 64 65 66 67 68 69 70 71 72 73)


Clusters at Iteration K = 4
( 6  7  8  9 10 11 13 18 19 21 23 24 26 31 33 34 35 36 37 38 49 51 74)(12 14 15 16 17 20 22 25 27 28 29 30 32 41)(39 40 42 44 45 46 47)(43 48 50 52 53 54 55 56 57 58 59 60 61 62 63 64 65 66 67 68 69 70 71 72
 73)


Clusters at Iteration K = 3
( 6  7  8  9 10 11 12 13 14 15 16 17 18 19 20 21 22 23 24 25 26 27 28 29
 30 31 32 33 34 35 36 37 38 41 49 51 74)(39 40 42 44 45 46 47)(43 48 50 52 53 54 55 56 57 58 59 60 61 62 63 64 65 66 67 68 69 70 71 72
 73)


Clusters at Iteration K = 2
( 6 20 25 26 31 32 33 35 38 39 40 42 44 45 46 47)( 7  8  9 10 11 12 13 14 15 16 17 18 19 21 22 23 24 27 28 29 30 34 36 37
 41 43 48 49 50 51 52 53 54 55 56 57 58 59 60 61 62 63 64 65 66 67 68 69
 70 71 72 73 74)

