First Pairwise Association at K = 68
(60 59)


Clusters at Iteration K = 67
(59 60)(73 74)


Clusters at Iteration K = 66
(59 61)(60 63)(73 74)


Clusters at Iteration K = 65
(59 61)(60 63)(65 67)(73 74)


Clusters at Iteration K = 64
(16 18)(59 61)(60 63)(65 67)(73 74)


Clusters at Iteration K = 63
(16 18)(25 28)(59 61)(60 63)(65 67)(73 74)


Clusters at Iteration K = 62
(6 7)(16 18)(25 28)(59 61)(60 63)(65 67)(73 74)


Clusters at Iteration K = 61
(6 7)(13 15)(16 18)(25 28)(59 61)(60 63)(65 67)(73 74)


Clusters at Iteration K = 60
(6 7)(13 15)(16 18)(25 28)(36 37)(59 61)(60 63)(65 67)(73 74)


Clusters at Iteration K = 59
(6 7)(13 15)(16 18)(25 28)(36 37)(53 54)(59 61)(60 63)(65 67)(73 74)


Clusters at Iteration K = 58
(6 7)(13 15)(16 18)(25 28)(36 37)(39 40)(53 54)(59 61)(60 63)(65 67)(73 74)


Clusters at Iteration K = 57
(6 7)( 9 13)(14 15)(16 18)(25 28)(36 37)(39 40)(53 54)(59 61)(60 63)(65 67)(73 74)


Clusters at Iteration K = 56
(6 7)( 9 13)(14 15)(16 18)(25 28)(34 38)(36 37)(39 40)(53 54)(59 61)(60 63)(65 67)(73 74)


Clusters at Iteration K = 55
(6 7)( 9 13)(14 15)(16 18)(25 28)(34 38)(36 37)(39 40)(53 54)(59 61)(60 62 63)(65 67)(73 74)


Clusters at Iteration K = 54
(6 7)( 9 13 21)(14 15)(16 18)(25 28)(34 38)(36 37)(39 40)(53 54)(59 61)(60 62 63)(65 67)(73 74)


Clusters at Iteration K = 53
(6 7)( 9 13 21)(14 15)(16 18)(25 28)(34 38)(36 37)(39 40)(53 54)(59 61)(60 62 63)(65 67)(71 73 74)


Clusters at Iteration K = 52
(6 7)( 9 11 13 21)(14 15)(16 18)(25 28)(34 38)(36 37)(39 40)(53 54)(59 61)(60 62 63)(65 67)(71 73 74)


Clusters at Iteration K = 51
(6 7)( 9 10 11 13 21)(14 15)(16 18)(25 28)(34 38)(36 37)(39 40)(53 54)(59 61)(60 62 63)(65 67)(71 73 74)


Clusters at Iteration K = 50
(6 7)( 9 10 11 13 21)(14 15)(16 18)(25 28)(29 30)(34 38)(36 37)(39 40)(53 54)(59 61)(60 62 63)(65 67)(71 73 74)


Clusters at Iteration K = 49
(6 7)( 9 10 11 13 21)(14 15)(16 18)(25 28)(29 30)(34 38)(36 37)(39 40)(50 52)(53 54)(59 61)(60 62 63)(65 67)(71 73 74)


Clusters at Iteration K = 48
(6 7)( 9 10 11 13 15 21)(12 14)(16 18)(25 28)(29 30)(34 38)(36 37)(39 40)(50 52)(53 54)(59 61)(60 62 63)(65 67)(71 73 74)


Clusters at Iteration K = 47
(6 7)( 9 10 11 13 15 21)(12 14)(16 18)(25 28)(29 30)(34 38)(36 37)(39 40)(50 52)(53 54)(58 60 62 63)(59 61)(65 67)(71 73 74)


Clusters at Iteration K = 46
(6 7)( 9 10 11 13 15 21)(12 14)(16 18)(25 28)(29 30 31)(34 38)(36 37)(39 40)(50 52)(53 54)(58 60 62 63)(59 61)(65 67)(71 73 74)


Clusters at Iteration K = 45
(6 7)( 9 10 11 13 15 21)(12 14)(16 18)(25 28)(29 30 31)(34 38)(36 37)(39 40)(50 52)(53 54)(58 60 61 62 63)(59 65 67)(71 73 74)


Clusters at Iteration K = 44
(6 7)( 8 12)( 9 10 11 13 14 15 21)(16 18)(25 28)(29 30 31)(34 38)(36 37)(39 40)(50 52)(53 54)(58 60 61 62 63)(59 65 67)(71 73 74)


Clusters at Iteration K = 43
(6 7)( 8 12)( 9 10 11 13 14 15 21)(16 18)(25 28)(29 30 31)(34 38)(36 37)(39 40)(50 52 56)(53 54)(58 60 61 62 63)(59 65 67)(71 73 74)


Clusters at Iteration K = 42
(6 7)( 8 12)( 9 10 11 13 14 15 21)(16 18)(25 28)(29 30 31)(34 38)(36 37)(39 40)(50 52 56)(53 54)(58 59 60 61 62 63 67)(65 71 73 74)


Clusters at Iteration K = 41
(6 7)( 8 12)( 9 10 11 13 14 15 21)(16 18)(25 28)(29 30 31)(34 35 38)(36 37)(39 40)(50 52 56)(53 54)(58 59 60 61 62 63 67)(65 71 73 74)


Clusters at Iteration K = 40
(6 7)( 8 12)( 9 10 11 13 14 15 21)(16 18)(25 28)(29 30 31)(34 35 36 38)(37 41)(39 40)(50 52 56)(53 54)(58 59 60 61 62 63 67)(65 71 73 74)


Clusters at Iteration K = 39
(6 7)( 8 12)( 9 10 11 13 14 15 21)(16 18)(25 28)(29 30 31)(34 35 36 38)(37 41)(39 40)(50 52 56)(53 54)(58 59 60 61 62 63 66 67)(65 71 73 74)


Clusters at Iteration K = 38
(6 7)( 8 12)( 9 10 11 13 14 15 21)(16 18)(25 28)(29 30 31)(34 35 36 38)(37 41)(39 40)(50 52 56)(53 54 55)(58 59 60 61 62 63 66 67)(65 71 73 74)


Clusters at Iteration K = 37
(6 7)( 8 12)( 9 10 11 13 14 15 16 18 21)(25 28)(29 30 31)(34 35 36 38)(37 41)(39 40)(50 52 56)(53 54 55)(58 59 60 61 62 63 66 67)(65 71 73 74)


Clusters at Iteration K = 36
(6 7)( 8 12)( 9 10 11 13 14 15 16 18 21)(25 28)(29 30 31)(34 35 36 38)(37 41)(39 40)(48 50)(49 52)(53 54 55 56)(58 59 60 61 62 63 66 67)(65 71 73 74)


Clusters at Iteration K = 35
( 6  7  8 12)( 9 10 11 13 14 15 16 18 21)(25 28)(29 30 31)(34 35 36 38)(37 41)(39 40)(48 50)(49 52)(53 54 55 56)(58 59 60 61 62 63 66 67)(65 71 73 74)


Clusters at Iteration K = 34
( 6  7  8 12)( 9 10 11 13 14 15 16 18 21)(25 28)(29 30 31)(34 35 36 38)(37 41)(39 40)(48 50)(49 52 58)(53 54 55 56)(59 65 71 73 74)(60 62 63 64 66 67)(61 70)


Clusters at Iteration K = 33
( 6  7  8  9 10 11 12 13 14 15 16 18 21)(25 28)(29 30 31)(34 35 36 38)(37 41)(39 40)(48 50)(49 52 58)(53 54 55 56)(59 65 71 73 74)(60 62 63 64 66 67)(61 70)


Clusters at Iteration K = 32
( 6  7  8  9 10 11 12 13 14 15 16 18 21)(25 28)(29 30 31 35)(33 34 36)(37 41)(38 49 52 58)(39 40)(48 50)(53 54 55 56)(59 65 71 73 74)(60 62 63 64 66 67)(61 70)


Clusters at Iteration K = 31
( 6  7  8  9 10 11 12 13 14 15 16 18 21)(25 28)(29 30 31 35)(33 34 36)(37 41)(38 49 52 58)(39 40)(45 46)(48 50)(53 54 55 56)(59 65 71 73 74)(60 62 63 64 66 67)(61 70)


Clusters at Iteration K = 30
( 6  7  8  9 10 11 12 13 14 15 16 18 21)(20 26)(25 28)(29 30 31 35)(33 34 36)(37 41)(38 49 52 58)(39 40)(45 46)(48 50)(53 54 55 56)(59 65 71 73 74)(60 62 63 64 66 67)(61 70)


Clusters at Iteration K = 29
( 6  7  8  9 10 11 12 13 14 15 16 18 21)(20 26)(25 28)(29 30 31 35)(33 34 36)(37 41)(38 49 52 58)(39 40)(45 46)(48 50)(53 54 55 56)(59 65 71 72 73 74)(60 62 63 64 66 67)(61 70)


Clusters at Iteration K = 28
( 6  7  8  9 10 11 12 13 14 15 16 18 21)(20 26)(25 28)(29 30 31 35)(33 34 36)(37 41)(38 49 52 58)(39 40)(45 46)(47 48 50)(53 54 55 56)(59 65 71 72 73 74)(60 62 63 64 66 67)(61 70)


Clusters at Iteration K = 27
( 6  7  8  9 10 11 12 13 14 15 16 18 21)(20 26)(25 28)(29 30 31 35)(33 34 36)(37 41)(38 49 52 58)(39 40)(43 44)(45 46)(47 48 50)(53 54 55 56)(59 65 71 72 73 74)(60 62 63 64 66 67)(61 70)


Clusters at Iteration K = 26
( 6  7  8  9 10 11 12 13 14 15 16 18 21)(20 26)(25 28)(29 30 31 35 39)(33 34 36)(37 41)(38 49 52 58)(40 43 44)(45 46)(47 48 50)(53 54 55 56)(59 65 71 72 73 74)(60 62 63 64 66 67)(61 70)


Clusters at Iteration K = 25
( 6 15 17)( 7 11 21 23)( 8  9 10 20 26)(12 13 14 16 18 25 28)(29 30 31 35 39)(33 34 36)(37 41)(38 49 52 58)(40 43 44)(45 46)(47 48 50)(53 54 55 56)(59 65 71 72 73 74)(60 62 63 64 66 67)(61 70)


Clusters at Iteration K = 24
( 6 15 17)( 7 11 21 23)( 8  9 10 20 26)(12 13 14 16 18 25 28)(29 30 31 35 39)(33 34 36)(37 41)(38 42 49 52 58)(40 43 44)(45 46)(47 48 50)(53 54 55 56)(59 65 71 72 73 74)(60 62 63 64 66 67)(61 70)


Clusters at Iteration K = 23
( 6 15 17)( 7 11 21 23)( 8  9 10 20 26)(12 13 14 16 18 25 28)(29 30 31 33 34 35 36 39)(37 41)(38 42 49 52 58)(40 43 44)(45 46)(47 48 50)(53 54 55 56)(59 65 71 72 73 74)(60 62 63 64 66 67)(61 70)


Clusters at Iteration K = 22
( 6 15 17)( 7 11 21 22 23)( 8  9 10 20 26)(12 13 14 16 18 25 28)(29 30 31 33 34 35 36 39)(37 41)(38 42 49 52 58)(40 43 44)(45 46)(47 48 50)(53 54 55 56)(59 65 71 72 73 74)(60 62 63 64 66 67)(61 70)


Clusters at Iteration K = 21
( 6 15 17)( 7 11 21 22 23)( 8  9 10 20 26)(12 13 14 16 18 25 28)(29 30 31 33 34 35 36 39)(37 41)(38 42 49 51 52 58)(40 43 44)(45 46)(47 48 50)(53 54 55 56)(59 65 71 72 73 74)(60 62 63 64 66 67)(61 70)


Clusters at Iteration K = 20
( 6  8 10 15 17)( 7  9 11 20 21 22 23 26)(12 13 14 16 18 25 28)(29 30 31 33 34 35 36 39)(37 41)(38 42 49 51 52 58)(40 43 44)(45 46)(47 48 50)(53 54 55 56)(59 65 71 72 73 74)(60 62 63 64 66 67)(61 70)


Clusters at Iteration K = 19
( 6  8 10 15 17)( 7  9 11 20 21 22 23 26)(12 13 14 16 18 25 28)(29 30 31 33 34 35 36 39)(37 41)(38 42 49 51 52 58)(40 43 44)(45 46)(47 48 50)(53 54 55 56 60)(59 62 63 64 65 67 71 72 73 74)(61 70)(66 68)


Clusters at Iteration K = 18
( 6  8 10 15 17)( 7  9 11 20 21 22 23 26)(12 13 14 16 18 25 28)(29 30 31 33 34 35 36 39)(37 41)(38 42 46 49 51 52 58)(40 43 44 45)(47 48 50)(53 54 55 56 60)(59 62 63 64 65 67 71 72 73 74)(61 70)(66 68)


Clusters at Iteration K = 17
( 6  8 10 15 17)( 7  9 11 20 21 22 23 26)(12 13 14 16 18 25 28)(29 30 31 32 33 34 35 36 39)(37 41)(38 42 46 49 51 52 58)(40 43 44 45)(47 48 50)(53 54 55 56 60)(59 62 63 64 65 67 71 72 73 74)(61 70)(66 68)


Clusters at Iteration K = 16
( 6  8 10 15 17)( 7  9 11 20 21 22 23 26 30)(12 13 14 16 18 25 28 29 31 32)(33 35 36 38 39 42 46 49 51 52 58)(34 59 62 63 64 65 67 71 72 73 74)(37 41)(40 43 44 45)(47 48 50)(53 54 55 56 60)(61 70)(66 68)


Clusters at Iteration K = 15
( 6  8 10 15 17)( 7  9 11 20 21 22 23 26 30)(12 13 14 16 18 25 28 29 31 32)(19 24)(33 35 36 38 39 42 46 49 51 52 58)(34 59 62 63 64 65 67 71 72 73 74)(37 41)(40 43 44 45)(47 48 50)(53 54 55 56 60)(61 70)(66 68)


Clusters at Iteration K = 14
( 6  8 10 15 17)( 7  9 11 20 21 22 23 26 30)(12 13 14 16 18 25 28 29 31 32)(19 24)(33 35 36 38 39 40 42 46 49 51 52 58)(34 59 62 63 64 65 67 71 72 73 74)(37 41 43)(44 66 68)(45 53 54 55 56 60)(47 48 50)(61 70)


Clusters at Iteration K = 13
( 6  8 10 15 17)( 7  9 11 20 21 22 23 26 30)(12 13 14 16 18 25 28 29 31 32)(19 24)(33 34 35 36 38 39 40 42 46 49 51 52 58 73)(37 41 43)(44 65 66 68 71 74)(45 53 54 55 56 59 60 62 63 64)(47 48 50)(61 70 72)(67 69)


Clusters at Iteration K = 12
( 6  8 10 15 17)( 7  9 11 12 13 14 16 18 20 21 23 25 26 28 29 31 32)(19 24)(22 27 30)(33 34 35 36 38 39 40 42 46 49 51 52 58 73)(37 41 43)(44 65 66 68 71 74)(45 53 54 55 56 59 60 62 63 64)(47 48 50)(61 70 72)(67 69)


Clusters at Iteration K = 11
( 6  8 10 15 17)( 7  9 11 12 13 14 16 18 20 21 23 25 26 28 29 31 32)(19 24)(22 27 30)(33 34 35 36 38 39 40 42 46 49 51 52 58 73)(37 41 43)(44 65 66 68 71 74)(45 53 54 55 56 57 59 60 62 63 64)(47 48 50)(61 70 72)(67 69)


Clusters at Iteration K = 10
( 6  8 10 15 17)( 7  9 11 12 13 14 16 18 20 21 23 25 26 28 29 31 32)(19 24)(22 27 30)(33 34 35 36 38 39 40 42 46 49 51 52 53 54 55 57 58 59 60 63 64 73)(37 41 43)(44 56 62 65 66 68 71 74)(45 47 48 50)(61 70 72)(67 69)


Clusters at Iteration K = 9
( 6  8 10 15 17)( 7  9 11 12 13 14 16 18 19 20 21 23 24 25 26 28 29 31 32)(22 27 30)(33 34 35 36 38 39 40 42 46 49 51 52 53 54 55 57 58 59 60 63 64 73)(37 41 43)(44 56 62 65 66 68 71 74)(45 47 48 50)(61 70 72)(67 69)


Clusters at Iteration K = 8
( 6  8 10 15 17)( 7  9 11 12 13 14 16 18 19 20 21 23 24 25 26 28 29 31 32)(22 27 30)(33 34 35 36 38 39 40 42 45 46 47 48 49 50 51 52 53 54 55 57 58 59 60 63
 64 73)(37 41 43)(44 56 62 65 66 68 71 74)(61 70 72)(67 69)


Clusters at Iteration K = 7
( 6  8 10 15 17 27)( 7  9 11 12 13 14 16 18 19 20 21 22 23 24 25 26 28 29 31 32)(30 37 41 43)(33 34 35 36 38 39 40 42 45 46 47 48 49 50 51 52 53 54 55 57 58 59 60 63
 64 73)(44 56 62 65 66 68 71 74)(61 70 72)(67 69)


Clusters at Iteration K = 6
( 6  8 10 15 17 27)( 7  9 11 12 13 14 16 18 19 20 21 22 23 24 25 26 28 29 31 32 33 34 39 51)(30 35 36 37 38 41 42 43)(40 44 45 46 47 49 50 52 54 55 56 57 59 60 62 63 64 65 66 68 71 74)(48 53 61 70 72 73)(58 67 69)


Clusters at Iteration K = 5
( 6  8 10 15 17 27)( 7  9 11 12 13 14 16 18 19 20 21 22 23 24 25 26 28 29 30 31 32 33 34 35
 36 37 38 39 51)(40 42 43 44 45 46 47 49 50 52 54 55 56 57 59 60 62 63 64 65 66 68 71 74)(41 58 67 69)(48 53 61 70 72 73)


Clusters at Iteration K = 4
( 6  7  8  9 10 11 12 13 14 15 16 17 18 19 20 21 22 23 24 25 26 27 28 29
 30 31 32 33 34 35 36 37 38 39 51)(40 42 43 44 45 46 47 49 50 52 54 55 56 57 59 60 62 63 64 65 66 68 71 74)(41 58 67 69)(48 53 61 70 72 73)


Clusters at Iteration K = 3
( 6  7  8  9 10 11 12 13 14 15 16 17 18 19 20 21 22 23 24 25 26 27 28 29
 30 31 32 33 34 35 36 37 38 39 45 51 54)(40 42 43 44 46 47 48 49 52 53 55 57 61 63 64 65 68 70 71 72 73 74)(41 50 56 58 59 60 62 66 67 69)


Clusters at Iteration K = 2
( 6  7  8  9 11 12 13 14 15 16 18 19 20 22 23 24 25 26 27 28 29 30 31 32
 33 34 35 36 37 38 39 40 42 43 44 45 46 47 48 49 52 53 54 55 57 61 63 64
 65 68 70 71 72 73 74)(10 17 21 41 50 51 56 58 59 60 62 66 67 69)

