First Pairwise Association at K = 68
(49 50)


Clusters at Iteration K = 67
(39 41)(49 50)


Clusters at Iteration K = 66
(39 41)(49 50)(63 65)


Clusters at Iteration K = 65
(39 41)(49 50)(63 65)(68 69)


Clusters at Iteration K = 64
(39 41)(45 51)(49 50)(63 65)(68 69)


Clusters at Iteration K = 63
(7 9)(39 41)(45 51)(49 50)(63 65)(68 69)


Clusters at Iteration K = 62
(7 9)(16 17)(39 41)(45 51)(49 50)(63 65)(68 69)


Clusters at Iteration K = 61
(7 9)(16 17)(39 41)(45 51)(49 50)(63 65)(66 68 69)


Clusters at Iteration K = 60
(7 9)( 8 13)(16 17)(39 41)(45 51)(49 50)(63 65)(66 68 69)


Clusters at Iteration K = 59
(7 9)( 8 13)(16 17)(37 44)(39 41)(45 51)(49 50)(63 65)(66 68 69)


Clusters at Iteration K = 58
(7 9)( 8 13)(16 17)(37 44)(39 41)(45 51)(49 50)(54 55)(63 65)(66 68 69)


Clusters at Iteration K = 57
(7 9)( 8 13)(16 17)(37 44)(39 41)(40 42)(45 51)(49 50)(54 55)(63 65)(66 68 69)


Clusters at Iteration K = 56
(7 9)( 8 13)(16 17)(37 44)(39 41)(40 42)(45 51)(49 50)(54 55)(58 60)(63 65)(66 68 69)


Clusters at Iteration K = 55
(7 9)( 8 13)(16 17)(37 44)(39 41)(40 42)(45 51)(49 50)(54 55)(58 60)(59 61)(63 65)(66 68 69)


Clusters at Iteration K = 54
(7 9)( 8 13)(16 17)(37 44)(39 41)(40 42)(45 51)(49 50)(54 55)(57 58)(59 61)(60 66 68 69)(63 65)


Clusters at Iteration K = 53
(7 9)( 8 13)(16 17)(24 26)(37 44)(39 41)(40 42)(45 51)(49 50)(54 55)(57 58)(59 61)(60 66 68 69)(63 65)


Clusters at Iteration K = 52
(7 9)( 8 13)(14 19)(16 17)(24 26)(37 44)(39 41)(40 42)(45 51)(49 50)(54 55)(57 58)(59 61)(60 66 68 69)(63 65)


Clusters at Iteration K = 51
(7 9)( 8 13)(14 19)(16 17)(24 26)(29 30)(37 44)(39 41)(40 42)(45 51)(49 50)(54 55)(57 58)(59 61)(60 66 68 69)(63 65)


Clusters at Iteration K = 50
(7 9)( 8 13)(14 19)(16 17)(18 21)(24 26)(29 30)(37 44)(39 41)(40 42)(45 51)(49 50)(54 55)(57 58)(59 61)(60 66 68 69)(63 65)


Clusters at Iteration K = 49
(7 9)( 8 13)(14 19)(16 17)(18 21)(20 23)(24 26)(29 30)(37 44)(39 41)(40 42)(45 51)(49 50)(54 55)(57 58)(59 61)(60 66 68 69)(63 65)


Clusters at Iteration K = 48
(7 9)( 8 13)(14 19)(16 17)(18 21)(20 23)(24 26)(29 30)(37 44)(39 41)(40 42)(45 51)(49 50)(54 55)(57 58)(59 61)(60 63 65 66 68 69)


Clusters at Iteration K = 47
(7 9)( 8 13)(14 19)(16 17)(18 20 21 23)(24 26)(29 30)(37 44)(39 41)(40 42)(45 51)(49 50)(54 55)(57 58)(59 61)(60 63 65 66 68 69)


Clusters at Iteration K = 46
(7 9)( 8 13)(14 19)(16 17)(18 20 21 23)(24 26)(29 30)(37 44)(39 41)(40 42)(45 51)(46 48)(49 50)(54 55)(57 58)(59 61)(60 63 65 66 68 69)


Clusters at Iteration K = 45
(7 9)( 8 13)(14 19)(16 17)(18 20 21 23)(24 26)(29 30)(34 35)(37 44)(39 41)(40 42)(45 51)(46 48)(49 50)(54 55)(57 58)(59 61)(60 63 65 66 68 69)


Clusters at Iteration K = 44
(7 9)( 8 13)(14 19)(16 17)(18 20 21 23)(24 25 26)(29 30)(34 35)(37 44)(39 41)(40 42)(45 51)(46 48)(49 50)(54 55)(57 58)(59 61)(60 63 65 66 68 69)


Clusters at Iteration K = 43
(7 9)( 8 13)(14 19)(16 17 22)(18 20 21 23)(24 25 26)(29 30)(34 35)(37 44)(39 41)(40 42)(45 51)(46 48)(49 50)(54 55)(57 58)(59 61)(60 63 65 66 68 69)


Clusters at Iteration K = 42
(7 9)( 8 13)(14 19)(16 17 22)(18 20 21 23)(24 25 26)(29 30)(34 35)(37 44)(39 41)(40 42 47)(45 51)(46 48)(49 50)(54 55)(57 58)(59 61)(60 63 65 66 68 69)


Clusters at Iteration K = 41
(7 9)( 8 13)(10 12)(14 19)(16 17 22)(18 20 21 23)(24 25 26)(29 30)(34 35)(37 44)(39 41)(40 42 47)(45 51)(46 48)(49 50)(54 55)(57 58)(59 61)(60 63 65 66 68 69)


Clusters at Iteration K = 40
(7 9)( 8 13)(10 12)(14 19)(16 17 22)(18 20 21 23)(24 25 26)(29 30)(31 33)(34 35)(37 44)(39 41)(40 42 47)(45 51)(46 48)(49 50)(54 55)(57 58)(59 61)(60 63 65 66 68 69)


Clusters at Iteration K = 39
( 7  9 10 12)( 8 13)(14 19)(16 17 22)(18 20 21 23)(24 25 26)(29 30)(31 33)(34 35)(37 44)(39 41)(40 42 47)(45 51)(46 48)(49 50)(54 55)(57 58)(59 61)(60 63 65 66 68 69)


Clusters at Iteration K = 38
( 7  9 10 12)( 8 13)(14 19)(16 17 22)(18 20 21 23)(24 25 26)(29 30)(31 33)(34 35)(37 44)(39 41)(40 42 47)(45 51)(46 67)(48 57 58)(49 50)(54 55)(59 61)(60 63 65 66 68 69)


Clusters at Iteration K = 37
(3 7)( 4  9 10)( 8 13)(11 12)(14 19)(16 17 22)(18 20 21 23)(24 25 26)(29 30)(31 33)(34 35)(37 44)(39 41)(40 42 47)(45 51)(46 67)(48 57 58)(49 50)(54 55)(59 61)(60 63 65 66 68 69)


Clusters at Iteration K = 36
(3 7)( 4  9 10)( 8 13)(11 12)(14 19)(16 17 22)(18 20 21 23)(24 25 26)(29 30)(31 33)(34 35)(37 44)(38 39)(40 42 47)(41 48 57 58)(45 51)(46 67)(49 50)(54 55)(59 61)(60 63 65 66 68 69)


Clusters at Iteration K = 35
( 3  7  9 10)(4 6)( 8 13)(11 12)(14 19)(16 17 22)(18 20 21 23)(24 25 26)(29 30)(31 33)(34 35)(37 44)(38 39)(40 42 47)(41 48 57 58)(45 51)(46 67)(49 50)(54 55)(59 61)(60 63 65 66 68 69)


Clusters at Iteration K = 34
( 3  7  9 10)(4 6)( 8 13)(11 12)(14 19)(16 17 22)(18 20 21 23)(24 25 26)(29 30)(31 33)(34 35)(36 38)(37 44)(39 60 63 65 66 68 69)(40 42 47)(41 48 57 58)(45 51)(46 67)(49 50)(54 55)(59 61)


Clusters at Iteration K = 33
(2 3 7)(4 6)( 8  9 10 13)(11 12)(14 19)(16 17 22)(18 20 21 23)(24 25 26)(29 30)(31 33)(34 35)(36 38)(37 44)(39 60 63 65 66 68 69)(40 42 47)(41 48 57 58)(45 51)(46 67)(49 50)(54 55)(59 61)


Clusters at Iteration K = 32
(2 3 7)(4 5 6)( 8  9 10 13)(11 12)(14 19)(16 17 22)(18 20 21 23)(24 25 26)(29 30)(31 33)(34 35)(36 38)(37 44)(39 60 63 65 66 68 69)(40 42 47)(41 48 57 58)(45 51)(46 67)(49 50)(54 55)(59 61)


Clusters at Iteration K = 31
(2 3 7)(4 5 6)( 8  9 10 13)(11 12)(14 19)(16 17 22)(18 20 21 23)(24 25 26)(29 30)(31 33)(34 35)(36 38)(37 44)(39 60 63 64 65 66 68 69)(40 42 47)(41 48 57 58)(45 51)(46 67)(49 50)(54 55)(59 61)


Clusters at Iteration K = 30
(2 3 7)(4 5 6)( 8  9 10 13)(11 12)(14 19)(16 17 22)(18 20 21 23)(24 25 26)(29 30)(31 33)(34 35)(36 38)(37 44)(39 43)(40 42 47)(41 48 57 58 60)(45 51)(46 63 64 65 66 67 68 69)(49 50)(54 55)(59 61)


Clusters at Iteration K = 29
(2 3 7)(4 5 6)( 8  9 10 13)(11 12)(14 19)(16 17 22)(18 20 21 23)(24 25 26)(28 32)(29 30)(31 33)(34 35)(36 38)(37 44)(39 43)(40 42 47)(41 48 57 58 60)(45 51)(46 63 64 65 66 67 68 69)(49 50)(54 55)(59 61)


Clusters at Iteration K = 28
(2 3 7)(4 5 6)( 8  9 10 13)(11 12)(14 19)(16 17 22)(18 20 21 23)(24 25 26)(28 32)(29 30)(31 33)(34 35)(36 38)(37 44)(39 43)(40 42 47)(41 48 57 58 60)(45 51)(46 63 64 65 66 67 68 69)(49 50)(52 54 55)(59 61)


Clusters at Iteration K = 27
(2 3 7)(4 5 6)( 8  9 10 13)(11 12)(14 19)(16 17 22)(18 20 21 23)(24 25 26)(28 32)(29 30)(31 33)(34 35)(36 38)(37 44)(39 43)(40 42 47)(41 48 52 55 57 58 60)(45 51)(46 63 64 65 66 67 68 69)(49 50)(54 56)(59 61)


Clusters at Iteration K = 26
(2 3 7)(4 5 6)( 8  9 10 13)(11 12)(14 19)(16 17 22)(18 20 21 23)(24 25 26)(28 31 32)(29 30)(33 36 38)(34 35)(37 44)(39 43)(40 42 47)(41 48 52 55 57 58 60)(45 51)(46 63 64 65 66 67 68 69)(49 50)(54 56)(59 61)


Clusters at Iteration K = 25
( 2  3  7 12)(4 5 6)( 8  9 10 11 13)(14 19)(16 17 22)(18 20 21 23)(24 25 26)(28 31 32)(29 30)(33 36 38)(34 35)(37 44)(39 43)(40 42 47)(41 48 52 55 57 58 60)(45 51)(46 63 64 65 66 67 68 69)(49 50)(54 56)(59 61)


Clusters at Iteration K = 24
( 2  3  7 12)(4 5 6)( 8  9 10 11 13)(14 19)(16 17 22)(18 20 21 23)(24 26 27)(25 33 36 38)(28 31 32)(29 30)(34 35)(37 44)(39 43)(40 42 47)(41 48 52 55 57 58 60)(45 51)(46 63 64 65 66 67 68 69)(49 50)(54 56)(59 61)


Clusters at Iteration K = 23
( 2  3  7 12)(4 5 6)( 8  9 10 11 13)(14 19)(16 17 22)(18 20 21 23)(24 26 27)(25 33 36 38)(28 31 32)(29 30)(34 35)(37 44)(39 43)(40 42 47)(41 48 52 55 57 58 60)(45 51)(46 63 64 65 66 67 68 69)(49 50)(54 56)(59 61 62)


Clusters at Iteration K = 22
( 2  3  7 12)(4 5 6)( 8  9 10 11 13)(14 19)(16 17 22)(18 20 21 23)(24 26 27)(25 33 36 38)(28 31 32)(29 30)(34 35 37)(39 43)(40 42 47)(41 44 48 52 55 57 58 60)(45 51)(46 63 64 65 66 67 68 69)(49 50)(54 56)(59 61 62)


Clusters at Iteration K = 21
( 2  3  7 12)(4 5 6)( 8  9 10 11 13)(14 19)(16 17 22)(18 20 21 23)(24 26 27)(25 33 36 38)(28 31 32)(29 30)(34 35 37)(39 43)(40 42 47)(41 44 48 52 55 57 58 60)(45 51 54 56)(46 63 64 65 66 67 68 69)(49 50)(59 61 62)


Clusters at Iteration K = 20
(1 2)( 3  4  5  6 12)( 7  8  9 10 11 13)(14 19)(16 17 22)(18 20 21 23)(24 26 27)(25 33 36 38)(28 31 32)(29 30)(34 35 37)(39 43)(40 42 47)(41 44 48 52 55 57 58 60)(45 51 54 56)(46 63 64 65 66 67 68 69)(49 50)(59 61 62)


Clusters at Iteration K = 19
(1 2)( 3  4  5  6 12)( 7  8  9 10 11 13)(14 19)(16 17 22)(18 20 21 23)(24 26 27)(25 33 36 38)(28 31 32)(29 30)(34 35 37)(39 41 43)(40 42 47)(44 48 49 50 52 55 57 58)(45 51 54 56)(46 63 64 65 66 67 68 69)(59 60 61 62)


Clusters at Iteration K = 18
(1 2)( 3  4  5  6 12)( 7  8  9 10 11 13)(14 19)(16 17 22)(18 20 21 23)(24 26 27)(25 33 36 38)(28 31 32)(29 30)(34 35 37)(39 41 43)(40 42 47)(44 46 48 49 50 52 55 57 58)(45 51 54 56 64)(59 60 61 62 63 65 66 67 68 69)


Clusters at Iteration K = 17
(1 2)( 3  4  5  6 12)( 7  8  9 10 11 13)(14 19)(16 17 22)(18 20 21 23)(24 26 27)(25 33 36 38)(28 31 32)(29 30 34 35 37)(39 41 43)(40 42 47)(44 46 48 49 50 52 55 57 58)(45 51 54 56 64)(59 60 61 62 63 65 66 67 68 69)


Clusters at Iteration K = 16
(1 2)( 3  4  5  6 12)( 7  8  9 10 11 13 15)(14 19)(16 17 22)(18 20 21 23)(24 26 27)(25 33 36 38)(28 31 32)(29 30 34 35 37)(39 41 43)(40 42 47)(44 46 48 49 50 52 55 57 58)(45 51 54 56 64)(59 60 61 62 63 65 66 67 68 69)


Clusters at Iteration K = 15
(1 2)( 3  4  5  6 12)( 7  8  9 10 11 13 15)(14 19)(16 17 22)(18 20 21 23)(24 25 33 36 38)(26 27 28 31 32)(29 30 34 35 37)(39 41 43)(40 42 47)(44 46 48 49 50 52 55 57 58)(45 51 54 56 64)(59 60 61 62 63 65 66 67 68 69)


Clusters at Iteration K = 14
(1 2)( 3  4  5  6 12)( 7  8  9 10 11 13 15)(14 19)(16 17 22)(18 20 21 23)(24 25 33 36 38)(26 27 28 31 32)(29 30 34 35 37)(39 59 60 61 62 63 65 66 67 68 69)(40 42 47)(41 43 44 46 48 49 50 52 55 57 58)(45 51 54 56 64)


Clusters at Iteration K = 13
(1 2)( 3  4  5  6 12)( 7  8  9 10 11 13 14 15 19)(16 17 22)(18 20 21 23)(24 25 33 36 38)(26 27 28 31 32)(29 30 34 35 37)(39 59 60 61 62 63 65 66 67 68 69)(40 42 47)(41 43 44 46 48 49 50 52 55 57 58)(45 51 54 56 64)


Clusters at Iteration K = 12
(1 2)( 3  4  5  6 12)( 7  8  9 10 11 13 14 15 19)(16 17 22)(18 20 21 23)(24 25 29 30 33 34 35 37)(26 27 28 31 32 36)(38 41 43 44 46 48 49 50 52 55 57 58)(39 59 60 61 62 63 65 66 67 68 69)(40 42 47)(45 51 54 56 64)


Clusters at Iteration K = 11
(1 2)( 3  4  5  6 12)( 7  8  9 10 11 13 14 15 19)(16 17 22)(18 20 21 23)(24 25 29 30 33 34 35 37)(26 27 28 31 32 36)(38 41 43 44 46 48 49 50 52 55 57 58)(39 53 59 60 61 62 63 65 66 67 68 69)(40 42 47)(45 51 54 56 64)


Clusters at Iteration K = 10
(1 2)( 3  4  5  6 12 21)( 7  8  9 10 11 13 14 15 19 20)(16 17 22)(18 23 24 25 29 30 33 34 35 37)(26 27 28 31 32 36)(38 41 43 44 46 48 49 50 52 55 57 58)(39 53 59 60 61 62 63 65 66 67 68 69)(40 42 47)(45 51 54 56 64)


Clusters at Iteration K = 9
(1 2 3 4 5 6)( 7  8  9 10 11 12 13 14 15 19 20)(16 17 22)(18 21 23 24 25 29 30 33 34 35 37)(26 27 28 31 32 36)(38 41 43 44 46 48 49 50 52 55 57 58)(39 53 59 60 61 62 63 65 66 67 68 69)(40 42 47)(45 51 54 56 64)


Clusters at Iteration K = 8
( 1  2  3  4  5  6 31 32)( 7  8  9 10 11 12 13 14 15 19 20)(16 17 22 28)(18 21 23 24 25 26 27 29 30 33 34 35 37)(36 45 51 54 56 64)(38 41 43 44 46 48 49 50 52 55 57 58)(39 53 59 60 61 62 63 65 66 67 68 69)(40 42 47)


Clusters at Iteration K = 7
( 1  2  3  4  5  6 31 32)( 7  8  9 10 11 12 13 14 15 19 20)(16 17 22 28)(18 21 23 24 25 26 27 29 30 33 34 35 37)(36 45 51 54 56 64)(38 41 43 44 46 48 49 50 52 53 55 57 58 59 60 61 62 63 65 66 67 68 69)(39 40 42 47)


Clusters at Iteration K = 6
( 1  2  3  4  5  6  7  8  9 10 11 12 13 14 15 19 20)(16 17 22 28)(18 21 23 24 25 26 27 29 30 31 32 33 34 35 37)(36 45 51 54 56 64)(38 41 43 44 46 48 49 50 52 53 55 57 58 59 60 61 62 63 65 66 67 68 69)(39 40 42 47)


Clusters at Iteration K = 5
( 1  2  3  4  5  6  7  8  9 10 11 12 13 14 15 19 20 23 33)(16 17 18 21 22 25 28)(24 26 27 29 30 31 32 34 35 37 38 41 43 44 46 48 49 50 52 53 55 57 58 59
 60 61 62 63 65 66 67 68 69)(36 45 51 54 56 64)(39 40 42 47)


Clusters at Iteration K = 4
( 1  2  3  4  5  6  7  8  9 10 11 12 13 14 15 19 20 23 27 33 59)(16 17 18 21 22 24 25 26 28 29 30 31 32 34 35 38 41)(36 45 46 48 49 50 51 52 53 54 55 56 57 58 60 61 62 63 64 65 66 67 68 69)(37 39 40 42 43 44 47)


Clusters at Iteration K = 3
( 1  2  3  4  5  6  7  8  9 10 11 12 13 14 15 19 20 23 27 33 59)(16 17 18 21 22 24 25 26 28 29 30 31 32 34 35 37 38 39 40 41 42 43)(36 44 45 46 47 48 49 50 51 52 53 54 55 56 57 58 60 61 62 63 64 65 66 67
 68 69)


Clusters at Iteration K = 2
( 1  2  3  4  5  6  7  8  9 10 11 12 13 14 15 19 20 23 27 33 40 59)(16 17 18 21 22 24 25 26 28 29 30 31 32 34 35 36 37 38 39 41 42 43 44 45
 46 47 48 49 50 51 52 53 54 55 56 57 58 60 61 62 63 64 65 66 67 68 69)

