First Pairwise Association at K = 68
(50 52)


Clusters at Iteration K = 67
(45 47)(50 52)


Clusters at Iteration K = 66
(16 18)(45 47)(50 52)


Clusters at Iteration K = 65
( 9 21)(16 18)(45 47)(50 52)


Clusters at Iteration K = 64
( 9 21)(16 18)(45 47)(50 52)(63 64)


Clusters at Iteration K = 63
( 9 21)(16 18)(42 49)(45 47)(50 52)(63 64)


Clusters at Iteration K = 62
( 9 21)(16 18)(23 26)(42 49)(45 47)(50 52)(63 64)


Clusters at Iteration K = 61
(6 7)( 9 21)(16 18)(23 26)(42 49)(45 47)(50 52)(63 64)


Clusters at Iteration K = 60
(6 7 8)( 9 21)(16 18)(23 26)(42 49)(45 47)(50 52)(63 64)


Clusters at Iteration K = 59
(6 7 8)( 9 21)(16 18)(23 26)(42 49)(43 44)(45 47)(50 52)(63 64)


Clusters at Iteration K = 58
(6 7 8)( 9 21)(16 18 19)(23 26)(42 49)(43 44)(45 47)(50 52)(63 64)


Clusters at Iteration K = 57
(6 7 8)( 9 21)(12 14)(16 18 19)(23 26)(42 49)(43 44)(45 47)(50 52)(63 64)


Clusters at Iteration K = 56
(6 7 8)( 9 21)(12 14)(16 18 19)(23 26)(42 49)(43 44)(45 47)(50 52)(58 59)(63 64)


Clusters at Iteration K = 55
(6 7 8)( 9 21)(12 14)(16 18 19)(23 26)(42 48 49)(43 44)(45 47)(50 52)(58 59)(63 64)


Clusters at Iteration K = 54
(6 7 8)( 9 21)(12 14)(13 16 18)(19 24)(23 26)(42 48 49)(43 44)(45 47)(50 52)(58 59)(63 64)


Clusters at Iteration K = 53
(6 7 8)( 9 21)(12 14)(13 16 18)(19 24)(23 26)(42 48 49)(43 44)(45 47)(50 52)(54 63 64)(58 59)


Clusters at Iteration K = 52
(6 7 8)( 9 21)(12 14)(13 16 18)(19 24)(23 26)(40 42)(43 44)(45 47)(46 48)(49 73)(50 52)(54 63 64)(58 59)


Clusters at Iteration K = 51
(6 7 8)( 9 21)(12 14)(13 16 18)(19 24)(23 26)(40 42)(43 44)(45 47)(46 48)(49 73)(50 52)(54 63 64)(57 60)(58 59)


Clusters at Iteration K = 50
(6 7 8)( 9 21 23 26)(12 14)(13 16 18)(19 24)(40 42)(43 44)(45 47)(46 48)(49 73)(50 52)(54 63 64)(57 60)(58 59)


Clusters at Iteration K = 49
( 6  7 11)( 8 10)( 9 21 23 26)(12 14)(13 16 18)(19 24)(40 42)(43 44)(45 47)(46 48)(49 73)(50 52)(54 63 64)(57 60)(58 59)


Clusters at Iteration K = 48
( 6  7 11)( 8 10)( 9 21 23 26)(12 14)(13 16 18)(19 24)(40 42)(43 44)(45 47)(46 48)(49 73 74)(50 52)(54 63 64)(57 60)(58 59)


Clusters at Iteration K = 47
( 6  7 11)( 8 10)( 9 21 23 26)(12 14)(13 16 18)(19 24)(33 34)(40 42)(43 44)(45 47)(46 48)(49 73 74)(50 52)(54 63 64)(57 60)(58 59)


Clusters at Iteration K = 46
( 6  7 11)( 8 10)( 9 21 23 26)(12 14)(13 15 16)(18 25)(19 24)(33 34)(40 42)(43 44)(45 47)(46 48)(49 73 74)(50 52)(54 63 64)(57 60)(58 59)


Clusters at Iteration K = 45
( 6  7 11)( 8 10)( 9 21 23 26)(12 14)(13 15 16)(18 25)(19 24)(31 33 34)(40 42)(43 44)(45 47)(46 48)(49 73 74)(50 52)(54 63 64)(57 60)(58 59)


Clusters at Iteration K = 44
( 6  7 11)( 8 10)( 9 21 23 26)(12 14)(13 15 16)(18 25)(19 24)(31 33 34)(35 36)(40 42)(43 44)(45 47)(46 48)(49 73 74)(50 52)(54 63 64)(57 60)(58 59)


Clusters at Iteration K = 43
( 6  7 11)( 8 10)( 9 21 23 26)(12 14)(13 15 16)(18 19 24 25)(31 33 34)(35 36)(40 42)(43 44)(45 47)(46 48)(49 73 74)(50 52)(54 63 64)(57 60)(58 59)


Clusters at Iteration K = 42
( 6  7 11)( 8 10)( 9 21 23 26)(12 14)(13 15 16)(18 19 24 25)(31 33 34)(35 36)(40 42)(43 44)(45 47)(46 48)(49 72 73 74)(50 52)(54 63 64)(57 60)(58 59)


Clusters at Iteration K = 41
( 6  7 11)( 8 10)( 9 20 21 23 26)(12 14)(13 15 16)(18 19 24 25)(31 33 34)(35 36)(40 42)(43 44)(45 47)(46 48)(49 72 73 74)(50 52)(54 63 64)(57 60)(58 59)


Clusters at Iteration K = 40
( 6  7 11)( 8 10)( 9 20 21 23 26)(12 14)(13 15 16)(18 19 24 25)(31 33 34)(35 36)(40 42)(43 44)(45 47)(46 48)(49 72 73 74)(50 52)(54 63 64)(57 60)(58 59)(65 67)


Clusters at Iteration K = 39
( 6  7 11)( 8 10)( 9 20 21 23 26)(12 14)(13 15 16)(18 19 24 25)(31 33 34)(35 36)(40 42)(43 44)(45 47)(46 48)(49 72 73 74)(50 52)(54 63 64)(57 60)(58 59)(65 67)(68 70)


Clusters at Iteration K = 38
( 6  7 11)( 8 10)( 9 18 19 20 21 23 26)(12 14)(13 15 16)(24 25 31 33 34)(35 36)(40 42)(43 44)(45 47)(46 48)(49 72 73 74)(50 52)(54 63 64)(57 60)(58 59)(65 67)(68 70)


Clusters at Iteration K = 37
( 6  7 11)( 8 10)( 9 18 19 20 21 23 26)(12 14)(13 15 16)(24 25 31 33 34)(35 36)(40 42)(43 44)(45 47)(46 48)(49 72 73 74)(50 52 56)(54 63 64)(57 60)(58 59)(65 67)(68 70)


Clusters at Iteration K = 36
( 6  7 11)( 8 10)( 9 18 19 20 21 23 26)(12 14)(13 15 16)(24 25 31 33 34)(35 36)(39 40 42)(43 44)(45 47)(46 48)(49 72 73 74)(50 52 56)(54 63 64)(57 60)(58 59)(65 67)(68 70)


Clusters at Iteration K = 35
( 6  7 11)( 8 10)( 9 18 19 20 21 23 26)(12 14)(13 15 16)(24 25 31 33 34)(32 39)(35 36)(40 43 44)(42 45 47)(46 48)(49 72 73 74)(50 52 56)(54 63 64)(57 60)(58 59)(65 67)(68 70)


Clusters at Iteration K = 34
( 6  7  8 10 11)( 9 18 19 20 21 23 26)(12 14)(13 15 16)(24 25 31 33 34)(32 39)(35 36)(40 43 44)(42 45 47)(46 48)(49 72 73 74)(50 52 56)(54 63 64)(57 60)(58 59)(65 67)(68 70)


Clusters at Iteration K = 33
( 6  7  8 10 11)( 9 18 19 20 21 23 26)(12 14)(13 15 16)(22 27)(24 25 31 33 34)(32 39)(35 36)(40 43 44)(42 45 47)(46 48)(49 72 73 74)(50 52 56)(54 63 64)(57 60)(58 59)(65 67)(68 70)


Clusters at Iteration K = 32
( 6  7  8 10 11)( 9 18 19 20 21 23 26)(12 14)(13 15 16)(22 27)(24 25 31 33 34)(32 39)(35 36)(40 43 44)(42 45 47)(46 48)(49 72 73 74)(50 52 56)(54 62 63 64)(57 60)(58 59)(65 67)(68 70)


Clusters at Iteration K = 31
( 6  7  8 10 11)( 9 18 19 20 21 23 26)(12 14)(13 15 16)(22 27)(24 25 31 33 34)(29 32)(35 36)(39 40 43 44)(42 45 47)(46 48)(49 72 73 74)(50 52 56)(54 62 63 64)(57 60)(58 59)(65 67)(68 70)


Clusters at Iteration K = 30
( 6  7  8 10 11)( 9 18 19 20 21 23 26)(12 14)(13 15 16)(22 27)(24 25 31 33 34)(29 32)(35 36 38)(39 40 43 44)(42 45 47)(46 48)(49 72 73 74)(50 52 56)(54 62 63 64)(57 60)(58 59)(65 67)(68 70)


Clusters at Iteration K = 29
( 6  7  8 10 11 12 14)( 9 18 19 20 21 23 26)(13 15 16)(22 27)(24 25 31 33 34)(29 32)(35 36 38)(39 40 43 44)(42 45 47)(46 48)(49 72 73 74)(50 52 56)(54 62 63 64)(57 60)(58 59)(65 67)(68 70)


Clusters at Iteration K = 28
( 6  7  8 10 11 12 14)( 9 18 19 20 21 23 26)(13 15 16)(22 27)(24 25 31 33 34 35)(29 32)(36 37)(38 49 72 73 74)(39 40 43 44)(42 45 47)(46 48)(50 52 56)(54 62 63 64)(57 60)(58 59)(65 67)(68 70)


Clusters at Iteration K = 27
( 6  7  8 10 11 12 14)( 9 18 19 20 21 23 26)(13 15 16)(22 27)(24 25 31 33 34 35)(29 30 32)(36 37)(38 49 72 73 74)(39 40 43 44)(42 45 47)(46 48)(50 52 56)(54 62 63 64)(57 60)(58 59)(65 67)(68 70)


Clusters at Iteration K = 26
( 6  7  8 10 11 12 14)( 9 18 19 20 21 23 26)(13 15 16)(22 27)(24 25 31 33 34 35)(29 30 32)(36 37)(38 49 72 73 74)(39 40 43 44)(42 45 47)(46 48)(50 52 56)(54 62 63 64)(57 60)(58 59)(65 67)(68 69 70)


Clusters at Iteration K = 25
( 6  7  8 10 11 12 14)( 9 18 19 20 21 23 26 32)(13 15 16)(22 27)(24 25 31 33 34 35)(29 36 37)(30 39 40 43 44)(38 49 72 73 74)(42 45 47)(46 48)(50 52 56)(54 62 63 64)(57 60)(58 59)(65 67)(68 69 70)


Clusters at Iteration K = 24
( 6  7  8 10 11 12 14)( 9 18 19 20 21 23 26 32)(13 15 16)(22 27)(24 25 31 33 34 35)(29 36 37)(30 39 40 43 44)(38 49 72 73 74)(42 45 47)(46 48)(50 52 56)(54 57 60 62 63 64)(58 59)(65 67)(68 69 70)


Clusters at Iteration K = 23
( 6  7  8 10 11 12 14)( 9 18 19 20 21 23 26 32)(13 15 16 22)(17 27)(24 25 31 33 34 35)(29 36 37)(30 39 40 43 44)(38 49 72 73 74)(42 45 47)(46 48)(50 52 56)(54 57 60 62 63 64)(58 59)(65 67)(68 69 70)


Clusters at Iteration K = 22
( 6  7  8 10 11 12 14)( 9 18 19 20 21 23 26 32)(13 15 16 22)(17 27)(24 25 31 33 34 35)(29 36 37)(30 39 40 43 44)(38 49 72 73 74)(42 45 47)(46 48)(50 52 56)(54 57 60 62 63 64)(55 65 67)(58 59)(68 69 70)


Clusters at Iteration K = 21
( 6  7  9 11 12 18 19 20 21 23 26 32)( 8 10 13 14 15 16 22)(17 27)(24 25 31 33 34 35)(29 36 37)(30 39 40 43 44)(38 49 72 73 74)(42 45 47)(46 48)(50 52 56)(54 57 60 62 63 64)(55 65 67)(58 59)(68 69 70)


Clusters at Iteration K = 20
( 6  7  9 11 12 18 19 20 21 23 26 32)( 8 10 13 14 15 16 22)(17 27)(24 25 31 33 34 35)(29 36 37)(30 39 40 43 44)(38 49 71 72 73 74)(42 45 47)(46 48)(50 52 56)(54 57 60 62 63 64)(55 65 67)(58 59)(68 69 70)


Clusters at Iteration K = 19
( 6  7  8  9 10 11 12 18 19 20 21 23 26 32)(13 14 15 16 17 22 27)(24 25 31 33 34 35)(29 36 37)(30 39 40 43 44)(38 49 71 72 73 74)(42 45 47)(46 48)(50 52 56)(54 57 60 62 63 64)(55 65 67)(58 59)(68 69 70)


Clusters at Iteration K = 18
( 6  7  8  9 10 11 12 18 19 20 21 23 26 32)(13 14 15 16 17 22 27)(24 25 31 33 34 35)(29 36 37)(30 39 40 41 43 44)(38 49 71 72 73 74)(42 45 47)(46 48)(50 52 56)(54 57 60 62 63 64)(55 65 67)(58 59)(68 69 70)


Clusters at Iteration K = 17
( 6  7  8  9 10 11 12 18 19 20 21 23 26 32)(13 14 15 16 17 22 27)(24 25 31 33 34 35)(29 36 37)(30 39 40 41 43 44)(38 49 53 71 72 73 74)(42 45 47)(46 48)(50 52 56)(54 57 60 62 63 64)(55 65 67)(58 59)(68 69 70)


Clusters at Iteration K = 16
( 6  7  8  9 10 11 12 18 19 20 21 23 26 32)(13 14 15 16 17 22 27)(24 25 31 33 34 35)(29 36 37)(30 39 40 41 43 44)(38 49 53 71 72 73 74)(42 45 47)(46 48)(50 52 56)(54 57 60 62 63 64)(55 58 65 67)(59 61)(68 69 70)


Clusters at Iteration K = 15
( 6  7  8  9 10 11 12 18 19 20 21 23 26 29 32)(13 14 15 16 17 22 27)(24 25 31 33 34 35 36)(30 37 39 40 41 43 44)(38 49 53 71 72 73 74)(42 45 47)(46 48)(50 52 56)(54 57 60 62 63 64)(55 58 65 67)(59 61)(68 69 70)


Clusters at Iteration K = 14
( 6  7  8  9 10 11 12 18 19 20 21 23 26 29 32)(13 14 15 16 17 22 27)(24 25 31 33 34 35 36)(30 37 39 40 41 43 44)(38 49 53 71 72 73 74)(42 45 47)(46 48)(50 56 59 61)(52 54 57 60 62 63 64)(55 58 65 67)(68 69 70)


Clusters at Iteration K = 13
( 6  7  8  9 10 11 12 18 19 20 21 23 26 29 32)(13 14 15 16 17 22 27 30)(24 25 31 33 34 35 36)(37 41 42 45 47)(38 39 40 49 53 71 72 73 74)(43 50 56 59 61)(44 46 48)(52 54 57 60 62 63 64)(55 58 65 67)(68 69 70)


Clusters at Iteration K = 12
( 6  7  8  9 10 11 12 18 19 20 21 23 26 29 32)(13 14 15 16 17 22 27 30)(24 25 31 33 34 35 36)(37 38 41 42 45 47)(39 40 44 46 48)(43 50 56 59 61)(49 51 53)(52 54 57 60 62 63 64)(55 58 65 67 71 73)(68 69 70 72 74)


Clusters at Iteration K = 11
( 6  7  8  9 10 11 12 18 19 20 21 23 26 29 32)(13 14 15 16 17 22 27 30)(24 25 31 33 34 35 36)(37 38 41 42 45 47)(39 40 44 46 48)(43 50 56 59 61)(49 51 53)(52 54 57 60 62 63 64 66)(55 58 65 67 71 73)(68 69 70 72 74)


Clusters at Iteration K = 10
( 6  7  8  9 10 11 12 18 19 20 21 23 26 28 29 32)(13 14 15 16 17 22 27 30)(24 25 31 33 34 35 36)(37 38 41 42 45 47)(39 40 44 46 48)(43 50 56 59 61)(49 51 53)(52 54 57 60 62 63 64 66)(55 58 65 67 71 73)(68 69 70 72 74)


Clusters at Iteration K = 9
( 6  7  8  9 10 11 12 18 19 20 21 23 26 28 29 32)(13 14 15 16 17 22 27 30)(24 25 31 33 34 35 36 39 40)(37 38 41 42 45 47)(43 50 56 59 61)(44 48 68 69 70 72 74)(46 52 54 57 60 62 63 64 66)(49 51 53)(55 58 65 67 71 73)


Clusters at Iteration K = 8
( 6  7  8  9 10 11 12 18 19 20 21 23 26 28 29 32)(13 14 15 16 17 22 27 30)(24 25 31 33 34 35 36 39 40)(37 38 41 42 45 47)(43 50 56 59 61)(44 46 52 54 57 60 62 63 64 66)(48 49 51 53 68 69 70 72 74)(55 58 65 67 71 73)


Clusters at Iteration K = 7
( 6  7  8  9 10 11 12 18 19 20 21 23 26 28 29 32)(13 14 15 16 17 22 27 30)(24 25 31 33 34 35 36 37 38 39 40 42)(41 43 50 56 59 61)(44 45 46 47 52 54 57 60 62 63 64 66)(48 49 51 53 68 69 70 72 74)(55 58 65 67 71 73)


Clusters at Iteration K = 6
( 6  7  8  9 10 11 12 18 19 20 21 23 26 28 29 32)(13 14 15 16 17 22 27 30)(24 25 31 33 34 35 36 37 38 39 40 42)(41 43 50 56 59 61)(44 45 46 47 52 54 57 60 62 63 64 66)(48 49 51 53 55 58 65 67 68 69 70 71 72 73 74)


Clusters at Iteration K = 5
( 6  7  8  9 10 11 12 13 14 15 16 17 18 19 20 21 22 23 26 27 28 29 32)(24 25 30 31 33 34 35 36 37 38 39 40 42)(41 43 50 56 59 61)(44 45 46 47 52 54 57 60 62 63 64 66)(48 49 51 53 55 58 65 67 68 69 70 71 72 73 74)


Clusters at Iteration K = 4
( 6  7  8  9 10 11 12 13 14 15 16 17 18 19 20 21 22 23 26 27 28 29 32)(24 25 31 33 34 35 36 37 38 39 40 42 48 49 51 53 55 58 65 67 68 69 70 71
 72 73 74)(30 41 43 50 56 59 61)(44 45 46 47 52 54 57 60 62 63 64 66)


Clusters at Iteration K = 3
( 6 24 25 31 33 34 35 36 37 38 39 40 42 48 49 51 53 55 58 65 67 68 69 70
 71 72 73 74)( 7  8 12 17 22 23 26 27 29 30 41 43 50 56 59 61)( 9 10 11 13 14 15 16 18 19 20 21 28 32 44 45 46 47 52 54 57 60 62 63 64
 66)


Clusters at Iteration K = 2
( 6  9 10 11 13 24 25 31 33 34 35 36 37 38 39 40 42 44 45 47 48 49 51 53
 55 58 64 65 67 68 69 70 71 72 73 74)( 7  8 12 14 15 16 17 18 19 20 21 22 23 26 27 28 29 30 32 41 43 46 50 52
 54 56 57 59 60 61 62 63 66)

