First Pairwise Association at K = 68
(40 39)


Clusters at Iteration K = 67
(34 35)(39 40)


Clusters at Iteration K = 66
(31 33)(34 35)(39 40)


Clusters at Iteration K = 65
(29 34 35)(31 33)(39 40)


Clusters at Iteration K = 64
(29 34 35)(31 33)(39 40)(59 61)


Clusters at Iteration K = 63
(29 32)(31 33)(34 35 36)(39 40)(59 61)


Clusters at Iteration K = 62
(7 8)(29 32)(31 33)(34 35 36)(39 40)(59 61)


Clusters at Iteration K = 61
(7 8)(29 32)(31 33)(34 35 36)(38 49)(39 40)(59 61)


Clusters at Iteration K = 60
(7 8)(29 32)(31 33)(34 35 36)(38 49)(39 40)(59 61)(60 63)


Clusters at Iteration K = 59
(7 8)(29 32)(31 33 34 35 36)(38 49)(39 40)(59 61)(60 63)


Clusters at Iteration K = 58
(7 8)(10 11)(29 32)(31 33 34 35 36)(38 49)(39 40)(59 61)(60 63)


Clusters at Iteration K = 57
(7 8)(10 11)(13 15)(29 32)(31 33 34 35 36)(38 49)(39 40)(59 61)(60 63)


Clusters at Iteration K = 56
(7 8)(10 11)(12 14)(13 15)(29 32)(31 33 34 35 36)(38 49)(39 40)(59 61)(60 63)


Clusters at Iteration K = 55
(7 8)(10 11)(12 14)(13 15)(29 32)(31 33 34 35 36)(38 48 49)(39 40)(59 61)(60 63)


Clusters at Iteration K = 54
(7 8)(10 11)(12 14)(13 15)(29 32)(31 33 34 35 36)(38 48 49)(39 40)(59 61)(60 63 64)


Clusters at Iteration K = 53
(7 8)(10 11)(12 14)(13 15)(29 32)(31 33 34 35 36)(38 48 49)(39 40)(59 61)(60 63 64)(68 70)


Clusters at Iteration K = 52
(7 8)(10 11)(12 14)(13 15)(29 32)(31 33 34 35 36)(38 48 49)(39 40)(59 60 61 63 64)(68 70)


Clusters at Iteration K = 51
(7 8)(10 11)(12 14)(13 15)(29 32)(31 33 34 35 36)(38 48 49)(39 40)(45 46)(59 60 61 63 64)(68 70)


Clusters at Iteration K = 50
(7 8)(10 11)(12 14)(13 15)(29 32)(31 33 34 35 36)(37 41)(38 48 49)(39 40)(45 46)(59 60 61 63 64)(68 70)


Clusters at Iteration K = 49
(7 8)(10 11)(12 14)(13 15)(29 32)(31 33 34 35 36)(37 41)(38 48 49)(39 40)(45 46)(59 60 61 63 64)(68 71)(70 73)


Clusters at Iteration K = 48
(7 8)(10 11)(12 14)(13 15)(29 32)(31 33 34 35 36)(37 41)(38 48 49)(39 40)(45 46)(51 54)(59 60 61 63 64)(68 71)(70 73)


Clusters at Iteration K = 47
(7 8)(10 11)(12 14)(13 15)(29 32)(31 33 34 35 36)(37 41)(38 48 49)(39 40)(45 46)(51 53 54)(59 60 61 63 64)(68 71)(70 73)


Clusters at Iteration K = 46
(7 8)(10 11)(12 14)(13 15)(29 32)(31 33 34 35 36)(37 41)(38 48 49)(39 40)(45 46)(51 53 54)(58 59)(60 61 62 63 64)(68 71)(70 73)


Clusters at Iteration K = 45
(7 8)(10 11)(12 14)(13 15)(29 32)(31 33 34 35 36)(37 41)(38 48 49)(39 40)(45 46)(51 53 54)(58 59 60 61)(62 65)(63 64 68 71)(70 73)


Clusters at Iteration K = 44
(7 8)(10 11)(12 14)(13 15)(29 32)(31 33 34 35 36)(37 41)(38 48 49)(39 40)(45 46)(51 63 64 68 71)(53 62 65)(54 58 59 60 61)(70 73)


Clusters at Iteration K = 43
(7 8)(10 11)(12 14)(13 15)(23 25)(29 32)(31 33 34 35 36)(37 41)(38 48 49)(39 40)(45 46)(51 63 64 68 71)(53 62 65)(54 58 59 60 61)(70 73)


Clusters at Iteration K = 42
(7 8)(10 11)(12 14)(13 15)(23 25)(29 32)(31 33 34 35 36)(37 41)(38 48 49)(39 40)(45 46)(51 72)(53 62 63 64 65)(54 58 59 60 61)(68 70 73)(71 74)


Clusters at Iteration K = 41
(7 8)(10 11)(12 14)(13 15)(23 25)(29 32)(31 33 34 35 36)(37 41)(38 48 49)(39 40)(45 46)(50 56)(51 72)(53 62 63 64 65)(54 58 59 60 61)(68 70 73)(71 74)


Clusters at Iteration K = 40
(7 8)(10 11)(12 14)(13 15)(23 25)(29 30 32)(31 33 34 35 36)(37 41)(38 48 49)(39 40)(45 46)(50 56)(51 72)(53 62 63 64 65)(54 58 59 60 61)(68 70 73)(71 74)


Clusters at Iteration K = 39
(7 8)( 9 13 15)(10 11)(12 14)(23 25)(29 30 32)(31 33 34 35 36)(37 41)(38 48 49)(39 40)(45 46)(50 56)(51 72)(53 62 63 64 65)(54 58 59 60 61)(68 70 73)(71 74)


Clusters at Iteration K = 38
(7 8)( 9 13 15)(10 11)(12 14)(23 25)(29 30 32)(31 33 34 35 36)(37 41)(38 48 49)(39 40)(45 46)(50 56)(51 72)(53 62 63 64 65)(54 58 59 60 61)(68 70 71 73 74)


Clusters at Iteration K = 37
(6 7)( 8 10 11)( 9 13 15)(12 14)(23 25)(29 30 32)(31 33 34 35 36)(37 41)(38 48 49)(39 40)(45 46)(50 56)(51 72)(53 62 63 64 65)(54 58 59 60 61)(68 70 71 73 74)


Clusters at Iteration K = 36
(6 7)( 8 10 11)( 9 13 15)(12 14)(23 25)(29 30 32)(31 33 34 35 36)(37 41)(38 48 49)(39 40)(45 46)(50 56)(51 62 63 72)(53 54 58 59 60 61)(64 66)(65 67)(68 70 71 73 74)


Clusters at Iteration K = 35
(6 7)( 8 10 11)( 9 13 15)(12 14)(19 24)(23 25)(29 30 32)(31 33 34 35 36)(37 41)(38 48 49)(39 40)(45 46)(50 56)(51 62 63 72)(53 54 58 59 60 61)(64 66)(65 67)(68 70 71 73 74)


Clusters at Iteration K = 34
(6 7)( 8 10 11)( 9 13 15)(12 14)(19 24)(23 25)(29 30 32)(31 33 34 35 36)(37 41)(38 48 49)(39 40)(45 46)(50 56)(51 62 63 72)(53 54 58 59 60 61)(64 66)(65 67 68 70 71 73 74)


Clusters at Iteration K = 33
(6 7)( 8 10 11)( 9 13 15)(12 14)(19 24)(23 25)(29 30 32)(31 33 34 35 36)(37 41)(38 48 49)(39 40)(45 46)(50 56)(51 62 63 72)(53 54 58 59 60 61 64)(65 66 67 68 70 71 73 74)


Clusters at Iteration K = 32
(6 7)( 8 10 11)( 9 13 15)(12 14)(19 24)(23 25)(29 30 32)(31 33 34 35 36)(37 41)(38 48 49)(39 40)(45 46)(50 56)(51 62 63 72)(53 54 55 58 59 60 61 64)(65 66 67 68 70 71 73 74)


Clusters at Iteration K = 31
(6 7)( 8 10 11)( 9 13 15)(12 14)(19 24)(23 25)(29 30 32)(31 33 34 35 36)(37 41)(38 48 49 51 62 63)(39 40)(45 46)(50 56)(53 54 55 58 59 60 61 64)(65 66 67 68 70 71 73 74)(69 72)


Clusters at Iteration K = 30
(6 7)( 8 10 11)( 9 13 15)(12 14)(19 24)(23 25)(26 27)(29 30 32)(31 33 34 35 36)(37 41)(38 48 49 51 62 63)(39 40)(45 46)(50 56)(53 54 55 58 59 60 61 64)(65 66 67 68 70 71 73 74)(69 72)


Clusters at Iteration K = 29
(6 7)( 8 12 14)( 9 10 13 15)(11 21)(19 24)(23 25)(26 27)(29 30 32)(31 33 34 35 36)(37 41)(38 48 49 51 62 63)(39 40)(45 46)(50 56)(53 54 55 58 59 60 61 64)(65 66 67 68 70 71 73 74)(69 72)


Clusters at Iteration K = 28
(6 7)( 8 12 14)( 9 10 13 15)(11 21)(18 25)(19 24)(23 26 27)(29 30 32)(31 33 34 35 36)(37 41)(38 48 49 51 62 63)(39 40)(45 46)(50 56)(53 54 55 58 59 60 61 64)(65 66 67 68 70 71 73 74)(69 72)


Clusters at Iteration K = 27
(6 7)( 8 12 14)( 9 10 13 15)(11 21 23 26)(18 25)(19 24)(22 27)(29 30 32)(31 33 34 35 36)(37 41)(38 48 49 51 62 63)(39 40)(45 46)(50 56)(53 54 55 58 59 60 61 64)(65 66 67 68 70 71 73 74)(69 72)


Clusters at Iteration K = 26
( 6  7  9 10)( 8 12 14)(11 21 23 26)(13 18 25)(15 17)(19 24)(22 27)(29 30 32)(31 33 34 35 36)(37 41)(38 48 49 51 62 63)(39 40)(45 46)(50 56)(53 54 55 58 59 60 61 64)(65 66 67 68 70 71 73 74)(69 72)


Clusters at Iteration K = 25
( 6  7  9 10)( 8 12 14)(11 21 23 26)(13 18 25)(15 17)(19 24)(22 27)(29 30 32)(31 33 34 35 36)(37 41)(38 48 49 51 53 54 58 62 63)(39 40)(45 46)(50 56)(55 59 60 61 64 65 66 67 68 70 71 73 74)(69 72)


Clusters at Iteration K = 24
( 6  7  9 10)( 8 12 14)(11 21 23 26)(13 18 25)(15 17)(19 24)(22 27)(29 30 32)(31 33 34 35 36)(37 41)(38 48 49 51 53 54 58 62 63)(39 40)(43 44)(45 46)(50 56)(55 59 60 61 64 65 66 67 68 70 71 73 74)(69 72)


Clusters at Iteration K = 23
( 6  7  9 10)( 8 12 14)(11 21 23 26)(13 18 25)(15 17)(19 24)(22 27)(29 30 32)(31 33 34 35 36)(37 41)(38 48 49 51 53 54 58 62 63)(39 40)(43 44)(45 46)(50 52 56)(55 59 60 61 64 65 66 67 68 70 71 73 74)(69 72)


Clusters at Iteration K = 22
( 6  7  9 10)( 8 12 14)(11 21 23 26)(13 18 25)(15 17)(19 24)(22 27)(29 30 32)(31 33 34 35 36)(37 41 43)(38 48 49 51 53 54 58 62 63)(39 40 44)(45 46)(50 52 56)(55 59 60 61 64 65 66 67 68 70 71 73 74)(69 72)


Clusters at Iteration K = 21
( 6  7  9 10 11)( 8 12 14)(13 18 23 25 26)(15 17)(19 24)(21 31 33 34 35 36)(22 27)(29 30 32)(37 41 43)(38 48 49 51 53 54 58 62 63)(39 40 44)(45 46)(50 52 56)(55 59 60 61 64 65 66 67 68 70 71 73 74)(69 72)


Clusters at Iteration K = 20
( 6  7  9 10 11)( 8 12 14)(13 18 23 25 26 32)(15 17)(19 24)(21 29 31 33 34 35 36)(22 27 30)(37 41 43)(38 48 49 51 53 54 58 62 63)(39 40 44)(45 46)(50 52 56)(55 59 60 61 64 65 66 67 68 70 71 73 74)(69 72)


Clusters at Iteration K = 19
( 6  7  9 10 11 21 34 36)( 8 12 14)(13 18 23 25 26 29 31 32 33 35)(15 17)(19 24)(22 27 30)(37 41 43)(38 48 49 51 53 54 58 62 63)(39 40 44)(45 46)(50 52 56)(55 59 60 61 64 65 66 67 68 70 71 73 74)(69 72)


Clusters at Iteration K = 18
( 6  7  9 10 11 21 34 36)( 8 12 14)(13 18 23 25 26 29 31 32 33 35)(15 17)(19 24)(22 27 30)(37 41 43)(38 48 49 51 53 54 58 62 63)(39 40 44)(42 45 46)(50 52 56)(55 59 60 61 64 65 66 67 68 70 71 73 74)(69 72)


Clusters at Iteration K = 17
( 6  7  9 10 11 21 34 36 46)( 8 12 14)(13 18 23 25 26 29 31 32 33 35)(15 17)(19 24)(22 27 30)(37 41 43)(38 48 49 51 53 54 58 62 63)(39 40 42 44)(45 47)(50 52 56)(55 59 60 61 64 65 66 67 68 70 71 73 74)(69 72)


Clusters at Iteration K = 16
( 6  7  9 10 11 21 34 36 45 46 47)( 8 12 14)(13 18 23 25 26 29 31 32 33 35)(15 17)(19 24)(22 27 30)(37 41 43)(38 48 49 51 53 54 58 62 63)(39 40 42 44)(50 52 56)(55 59 60 61 64 65 66 67 68 70 71 73 74)(69 72)


Clusters at Iteration K = 15
( 6  7  9 10 11 21 34 36 45 46 47 52)( 8 12 14)(13 18 23 25 26 29 31 32 33 35)(15 17)(19 24)(22 27 30)(37 41 43 50)(38 48 49 51 53 54 56 58 62 63)(39 40 42 44)(55 59 60 61 64 65 66 67 68 70 71 73 74)(69 72)


Clusters at Iteration K = 14
( 6  7  9 10 11 21 34 36 45 46 47 52)( 8 12 14)(13 18 23 25 26 29 31 32 33 35)(15 17)(19 24)(22 27 30)(37 39 40 41 42 43 44)(38 48 49 50 51 53 54 56 58 62 63)(55 59 60 61 64 65 66 67 68 70 71 73 74)(69 72)


Clusters at Iteration K = 13
( 6  7  8  9 10 11 12 14)(13 18 21 23 25 26 29 31 32 33 35)(15 17)(19 24)(22 27 30)(34 45 46 55 59 60 61 64 65 66 67 68 70 71 73 74)(36 37 39 40 41 42 43 44)(38 47 48 49 50 51 52 53 54 56 58 62 63)(69 72)


Clusters at Iteration K = 12
( 6  7  8  9 10 11 12 14)(13 15 18 21 23 25 26 29 31 32 33 35)(16 17)(19 24)(22 27 30)(34 45 46 55 59 60 61 64 65 66 67 68 70 71 73 74)(36 37 39 40 41 42 43 44)(38 47 48 49 50 51 52 53 54 56 58 62 63)(69 72)


Clusters at Iteration K = 11
( 6  7  8  9 10 11 12 13 14 15 18 21 23 25 26 29 31 32 33 35)(16 17)(19 24)(22 27 30)(34 45 46 55 59 60 61 64 65 66 67 68 70 71 73 74)(36 37 39 40 41 42 43 44)(38 47 48 49 50 51 52 53 54 56 58 62 63)(69 72)


Clusters at Iteration K = 10
( 6  7  8  9 10 11 12 13 14 15 18 21 23 25 26 29 31 32 33 35)(16 17)(19 24)(22 27 30)(34 45 46 55 59 60 61 64 65 66 67 68 70 71 73 74)(36 37 39 40 41 42 43 44)(38 47 48 49 50 51 52 53 54 56 58 62 63 69 72)


Clusters at Iteration K = 9
( 6  7  8  9 10 11 12 13 14 15 18 21 23 25 26 29 31 32 33 35)(16 17)(19 24)(22 27 30)(34 45 46 55 57 59 60 61 64 65 66 67 68 70 71 73 74)(36 37 39 40 41 42 43 44)(38 47 48 49 50 51 52 53 54 56 58 62 63 69 72)


Clusters at Iteration K = 8
( 6  7  8  9 10 11 12 13 14 15 18 21 23 25 26 29 31 32 33 35)(16 17)(19 24 28)(22 27 30)(34 45 46 55 57 59 60 61 64 65 66 67 68 70 71 73 74)(36 37 39 40 41 42 43 44)(38 47 48 49 50 51 52 53 54 56 58 62 63 69 72)


Clusters at Iteration K = 7
( 6  7  8  9 10 11 12 13 14 15 18 21 23 25 26 29 31 32 33 35 36)(16 17)(19 24 28)(22 27 30 37 41 43)(34 39 40 42 44 45 46 55 57 59 60 61 64 65 66 67 68 70 71 73 74)(38 47 48 49 50 51 52 53 54 56 58 62 63 69 72)


Clusters at Iteration K = 6
( 6  7  8  9 10 11 12 13 14 15 18 21 23 25 26 29 31 32 33 35 36)(16 17 19 24)(20 28)(22 27 30 37 41 43)(34 39 40 42 44 45 46 55 57 59 60 61 64 65 66 67 68 70 71 73 74)(38 47 48 49 50 51 52 53 54 56 58 62 63 69 72)


Clusters at Iteration K = 5
( 6  7  8  9 10 11 12 13 14 15 18 21 22 23 25 26 27 29 30 31 32 33 35 36)(16 17 19 24)(20 28)(34 37 39 40 41 42 43 44 45 46 55 57 59 60 61 64 65 66 67 68 70 71 73 74)(38 47 48 49 50 51 52 53 54 56 58 62 63 69 72)


Clusters at Iteration K = 4
( 6  7  8  9 10 11 12 13 14 15 18 21 22 23 25 26 27 29 30 31 32 33 35 36)(16 17 19 24)(20 28)(34 37 38 39 40 41 42 43 44 45 46 47 48 49 50 51 52 53 54 55 56 57 58 59
 60 61 62 63 64 65 66 67 68 69 70 71 72 73 74)


Clusters at Iteration K = 3
( 6  7  8  9 10 11 12 13 14 15 18 21 22 23 25 26 27 29 30 31 32 33 35 36)(16 17 19 20 24)(28 34 37 38 39 40 41 42 43 44 45 46 47 48 49 50 51 52 53 54 55 56 57 58
 59 60 61 62 63 64 65 66 67 68 69 70 71 72 73 74)


Clusters at Iteration K = 2
( 6  7  8  9 10 11 12 13 14 15 16 17 18 19 20 21 22 23 24 25 26 27 30 32)(28 29 31 33 34 35 36 37 38 39 40 41 42 43 44 45 46 47 48 49 50 51 52 53
 54 55 56 57 58 59 60 61 62 63 64 65 66 67 68 69 70 71 72 73 74)

