First Pairwise Association at K = 68
(28)(2)(31)(55)(37)(5)(33)(51)(36)(60)(40)(3)(39)(43)(35)(52)(10)(48)(24)(54)(47)(22)(12)(13)(19)(41)(17)(45)(18)(49)(16)(26)(42)(53)(7)(9)(27)(67)(68 44)(59)(30)(50)(11)(38)(25)(56)(1)(64)(65)(32)(63)(6)(58)(66)(21)(46)(34)(29)(61)(62)(8)(15)(4)(20)(69)(57)(14)(23)


Clusters at Iteration K = 67
(1)(2)(3)(4)(5)(6)(7)(8)(9)(10)(11)(12)(13)(14)(15)(16)(17)(18)(19)(20)(21)(22)(23)(24)(25)(26)(27)(28)(29)(30)(31)(32)(33)(34)(35)(36)(37)(38)(39)(40)(41)(42)(43)(44 68)(45)(46)(47)(48)(49)(50)(51)(52 58)(53)(54)(55)(56)(57)(59)(60)(61)(62)(63)(64)(65)(66)(67)(69)


Clusters at Iteration K = 66
(1)(2)(3)(4)(5)(6)(7)(8)(9)(10)(11)(12)(13)(14)(15)(16)(17)(18)(19)(20)(21)(22)(23)(24)(25)(26)(27)(28)(29)(30)(31)(32)(33)(34)(35)(36)(37)(38)(39)(40)(41)(42)(43)(44 68)(45)(46)(47)(48)(49)(50)(51)(52 58)(53)(54)(55 57)(56)(59)(60)(61)(62)(63)(64)(65)(66)(67)(69)


Clusters at Iteration K = 65
(1)(2)(3)(4)(5)(6)(7)(8)(9)(10 12)(11)(13)(14)(15)(16)(17)(18)(19)(20)(21)(22)(23)(24)(25)(26)(27)(28)(29)(30)(31)(32)(33)(34)(35)(36)(37)(38)(39)(40)(41)(42)(43)(44 68)(45)(46)(47)(48)(49)(50)(51)(52 58)(53)(54)(55 57)(56)(59)(60)(61)(62)(63)(64)(65)(66)(67)(69)


Clusters at Iteration K = 64
(1)(2)(3)(4)(5)(6)(7)(8)(9)(10 12)(11)(13)(14)(15)(16)(17)(18)(19)(20 23)(21)(22)(24)(25)(26)(27)(28)(29)(30)(31)(32)(33)(34)(35)(36)(37)(38)(39)(40)(41)(42)(43)(44 68)(45)(46)(47)(48)(49)(50)(51)(52 58)(53)(54)(55 57)(56)(59)(60)(61)(62)(63)(64)(65)(66)(67)(69)


Clusters at Iteration K = 63
(1)(2)(3)(4)(5)(6)(7)(8)(9)(10 12)(11)(13)(14)(15)(16)(17)(18)(19)(20 23)(21)(22)(24)(25)(26)(27)(28)(29)(30)(31)(32)(33)(34)(35)(36)(37)(38)(39)(40)(41)(42)(43)(44 68)(45)(46)(47)(48)(49)(50)(51)(52 58)(53)(54)(55 57)(56)(59)(60)(61)(62)(63 65)(64)(66)(67)(69)


Clusters at Iteration K = 62
(1)(2)(3)(4)(5)(6)(7)(8)(9)(10 12)(11)(13)(14)(15)(16)(17)(18)(19)(20 23)(21)(22)(24)(25)(26)(27)(28)(29)(30)(31)(32)(33)(34)(35)(36)(37)(38)(39)(40 42)(41)(43)(44 68)(45)(46)(47)(48)(49)(50)(51)(52 58)(53)(54)(55 57)(56)(59)(60)(61)(62)(63 65)(64)(66)(67)(69)


Clusters at Iteration K = 61
(1)(2)(3)(4)(5)(6)(7)(8)(9)(10 12)(11)(13)(14)(15)(16)(17)(18)(19)(20 23)(21)(22)(24)(25)(26)(27)(28)(29)(30)(31)(32)(33)(34)(35)(36)(37)(38)(39)(40 42)(41)(43)(44 52 58)(45)(46)(47)(48)(49)(50)(51)(53)(54)(55 57)(56)(59)(60)(61)(62)(63 65)(64)(66)(67)(68 69)


Clusters at Iteration K = 60
(1)(2)(3)(4)(5)(6)(7)(8)(9)(10 12)(11)(13)(14)(15)(16)(17)(18)(19)(20 23)(21)(22)(24)(25)(26 29)(27)(28)(30)(31)(32)(33)(34)(35)(36)(37)(38)(39)(40 42)(41)(43)(44 52 58)(45)(46)(47)(48)(49)(50)(51)(53)(54)(55 57)(56)(59)(60)(61)(62)(63 65)(64)(66)(67)(68 69)


Clusters at Iteration K = 59
(1)(2)(3)(4)(5)(6)(7)(8)(9)(10 12)(11)(13)(14)(15)(16)(17)(18)(19)(20 23)(21)(22)(24)(25)(26 29)(27)(28)(30)(31)(32)(33)(34)(35)(36)(37)(38)(39 41)(40 42)(43)(44 52 58)(45)(46)(47)(48)(49)(50)(51)(53)(54)(55 57)(56)(59)(60)(61)(62)(63 65)(64)(66)(67)(68 69)


Clusters at Iteration K = 58
(1)(2)(3)(4)(5)(6)(7)(8)(9)(10 12)(11)(13 14)(15)(16)(17)(18)(19)(20 23)(21)(22)(24)(25)(26 29)(27)(28)(30)(31)(32)(33)(34)(35)(36)(37)(38)(39 41)(40 42)(43)(44 52 58)(45)(46)(47)(48)(49)(50)(51)(53)(54)(55 57)(56)(59)(60)(61)(62)(63 65)(64)(66)(67)(68 69)


Clusters at Iteration K = 57
(1)(2)(3)(4)(5)(6)(7)( 8 10)( 9 12)(11)(13 14)(15)(16)(17)(18)(19)(20 23)(21)(22)(24)(25)(26 29)(27)(28)(30)(31)(32)(33)(34)(35)(36)(37)(38)(39 41)(40 42)(43)(44 52 58)(45)(46)(47)(48)(49)(50)(51)(53)(54)(55 57)(56)(59)(60)(61)(62)(63 65)(64)(66)(67)(68 69)


Clusters at Iteration K = 56
(1)(2)(3)(4)(5)(6)(7)( 8 10)( 9 12)(11)(13 14)(15)(16)(17)(18)(19)(20 23)(21)(22)(24)(25)(26 29)(27)(28)(30)(31)(32)(33)(34)(35)(36)(37)(38)(39 41)(40 42)(43)(44 52 58)(45)(46)(47)(48)(49)(50)(51)(53)(54)(55 57)(56)(59)(60)(61)(62)(63 65)(64)(66)(67 68 69)


Clusters at Iteration K = 55
(1)(2)(3)(4)(5)(6)(7)( 8 10)( 9 12)(11)(13 14)(15)(16)(17)(18)(19)(20 23)(21)(22)(24)(25)(26 29)(27)(28)(30)(31)(32)(33)(34)(35)(36)(37)(38)(39 41)(40 42)(43)(44 52 58)(45 51)(46)(47)(48)(49)(50)(53)(54)(55 57)(56)(59)(60)(61)(62)(63 65)(64)(66)(67 68 69)


Clusters at Iteration K = 54
(1)(2)(3)(4)(5)(6)(7)( 8 10)( 9 12)(11)(13 14)(15)(16)(17)(18)(19 20 23)(21)(22)(24)(25)(26 29)(27)(28)(30)(31)(32)(33)(34)(35)(36)(37)(38)(39 41)(40 42)(43)(44 52 58)(45 51)(46)(47)(48)(49)(50)(53)(54)(55 57)(56)(59)(60)(61)(62)(63 65)(64)(66)(67 68 69)


Clusters at Iteration K = 53
(1)(2)(3)(4)(5)(6)(7 9)( 8 10 12)(11)(13 14)(15)(16)(17)(18)(19 20 23)(21)(22)(24)(25)(26 29)(27)(28)(30)(31)(32)(33)(34)(35)(36)(37)(38)(39 41)(40 42)(43)(44 52 58)(45 51)(46)(47)(48)(49)(50)(53)(54)(55 57)(56)(59)(60)(61)(62)(63 65)(64)(66)(67 68 69)


Clusters at Iteration K = 52
(1)(2)(3)(4)(5)(6)(7 9)( 8 10 12)(11)(13 14)(15)(16)(17)(18)(19 20 23)(21)(22)(24)(25)(26 29)(27)(28)(30)(31)(32)(33)(34)(35)(36)(37)(38)(39 41)(40 42)(43)(44 49 52 58)(45 51)(46)(47)(48)(50)(53)(54)(55 57)(56)(59)(60)(61)(62)(63 65)(64)(66)(67 68 69)


Clusters at Iteration K = 51
(1)(2)(3)(4)(5)(6)(7 9)( 8 10 12)(11)(13 14)(15)(16)(17)(18)(19 20 23)(21)(22)(24)(25)(26 28 29)(27)(30)(31)(32)(33)(34)(35)(36)(37)(38)(39 41)(40 42)(43)(44 49 52 58)(45 51)(46)(47)(48)(50)(53)(54)(55 57)(56)(59)(60)(61)(62)(63 65)(64)(66)(67 68 69)


Clusters at Iteration K = 50
(1)(2)(3)(4)(5)(6)(7 9)( 8 10 12)(11)(13 14)(15)(16)(17)(18)(19 20 23)(21)(22)(24)(25)(26 28 29)(27)(30)(31)(32)(33)(34)(35)(36)(37)(38)(39 41)(40 42)(43)(44 49 52 58)(45 51)(46)(47)(48)(50)(53)(54)(55 57)(56)(59)(60 66)(61)(62)(63 65)(64)(67 68 69)


Clusters at Iteration K = 49
(1)(2)(3)(4)(5)(6)(7 9)( 8 10 12)(11)(13 14)(15)(16)(17)(18)(19 20 23)(21)(22)(24)(25)(26 28 29)(27)(30)(31)(32)(33)(34)(35)(36)(37)(38)(39 41)(40 42)(43)(44 49 52 58)(45 51)(46)(47)(48)(50)(53)(54 56)(55 57)(59)(60 66)(61)(62)(63 65)(64)(67 68 69)


Clusters at Iteration K = 48
(1)(2)(3)(4)(5)(6)(7 9)( 8 10 12)(11)(13 14)(15)(16)(17)(18)(19 20 23)(21)(22)(24)(25)(26 28 29)(27)(30)(31)(32)(33)(34)(35)(36)(37)(38)(39 63 65)(40 42)(41 44 49 52 58)(43)(45 51)(46)(47)(48)(50)(53)(54 56)(55 57)(59)(60 66)(61)(62)(64)(67 68 69)


Clusters at Iteration K = 47
(1)(2)(3)(4)(5)(6)(7 9)( 8 10 12)(11)(13 14)(15)(16)(17)(18)(19 20 23)(21)(22)(24)(25)(26 28 29)(27)(30)(31)(32)(33)(34)(35)(36)(37)(38)(39 41 63 65)(40 42)(43)(44 67 68 69)(45 51)(46)(47)(48)(49 52 55 57)(50)(53)(54 56)(58 59)(60 66)(61)(62)(64)


Clusters at Iteration K = 46
(1)(2)(3)(4)(5)(6)(7 9)( 8 10 12)(11)(13 14)(15)(16)(17)(18)(19 20 23)(21)(22)(24)(25)(26 28 29)(27)(30)(31)(32)(33)(34)(35)(36)(37)(38)(39 41 63 65)(40 42)(43)(44 67 68 69)(45 51)(46)(47)(48)(49 52 55 57)(50)(53)(54 56)(58 59 60 66)(61)(62)(64)


Clusters at Iteration K = 45
(1)(2)(3)(4)(5)(6)(7 9)( 8 10 12)(11)(13 14)(15)(16)(17)(18 22)(19 20 23)(21)(24)(25)(26 28 29)(27)(30)(31)(32)(33)(34)(35)(36)(37)(38)(39 41 63 65)(40 42)(43)(44 67 68 69)(45 51)(46)(47)(48)(49 52 55 57)(50)(53)(54 56)(58 59 60 66)(61)(62)(64)


Clusters at Iteration K = 44
(1)(2)(3)(4 8)(5)(6)( 7  9 10 12)(11)(13 14)(15)(16)(17)(18 22)(19 20 23)(21)(24)(25)(26 28 29)(27)(30)(31)(32)(33)(34)(35)(36)(37)(38)(39 41 63 65)(40 42)(43)(44 67 68 69)(45 51)(46)(47)(48)(49 52 55 57)(50)(53)(54 56)(58 59 60 66)(61)(62)(64)


Clusters at Iteration K = 43
(1)(2)(3)(4 8)(5)(6)( 7  9 10 12)(11)(13 14)(15)(16)(17)(18 22)(19 20 23)(21)(24)(25)(26 28 29)(27)(30)(31)(32)(33)(34)(35)(36)(37)(38)(39 41 63 65)(40 42)(43)(44 67 68 69)(45 47 51)(46)(48)(49 52 55 57)(50)(53)(54 56)(58 59 60 66)(61)(62)(64)


Clusters at Iteration K = 42
(1)(2)(3)(4 8)(5)(6)( 7  9 10 12)(11)(13 14)(15)(16)(17)(18 22)(19 20 23)(21)(24)(25)(26 28 29)(27)(30)(31)(32)(33)(34 35)(36)(37)(38)(39 41 63 65)(40 42)(43)(44 67 68 69)(45 47 51)(46)(48)(49 52 55 57)(50)(53)(54 56)(58 59 60 66)(61)(62)(64)


Clusters at Iteration K = 41
(1)(2)(3)(4 8)(5)(6)( 7  9 10 12)(11)(13 14)(15)(16)(17)(18 22)(19 20 23)(21)(24)(25)(26 28 29)(27)(30)(31)(32)(33)(34 35)(36)(37)(38)(39 41 63 65)(40 42)(43)(44 67 68 69)(45 47 51)(46 48)(49 52 55 57)(50)(53)(54 56)(58 59 60 66)(61)(62)(64)


Clusters at Iteration K = 40
(1)(2)(3)(4 8)(5)(6)( 7  9 10 12)(11)(13 14)(15)(16)(17)(18 22)(19 20 23)(21)(24 26 28 29)(25)(27)(30)(31)(32)(33)(34 35)(36)(37)(38)(39 41 63 65)(40 42)(43)(44 67 68 69)(45 47 51)(46 48)(49 52 55 57)(50)(53)(54 56)(58 59 60 66)(61)(62)(64)


Clusters at Iteration K = 39
(1)(2)(3)(4 8)(5)(6)( 7  9 10 12)(11)(13 14)(15)(16 17)(18 22)(19 20 23)(21)(24 26 28 29)(25)(27)(30)(31)(32)(33)(34 35)(36)(37)(38)(39 41 63 65)(40 42)(43)(44 67 68 69)(45 47 51)(46 48)(49 52 55 57)(50)(53)(54 56)(58 59 60 66)(61)(62)(64)


Clusters at Iteration K = 38
(1)(2)(3)(4 8)(5)(6)( 7  9 10 12)(11)(13 14)(15)(16 17)(18 22)(19 20 23)(21)(24 26 28 29)(25)(27)(30)(31)(32)(33)(34 35)(36 38)(37)(39 41 63 65)(40 42)(43)(44 67 68 69)(45 47 51)(46 48)(49 52 55 57)(50)(53)(54 56)(58 59 60 66)(61)(62)(64)


Clusters at Iteration K = 37
(1)(2)(3)(4 8)(5 6)( 7  9 10 12)(11)(13 14)(15)(16 17)(18 22)(19 20 23)(21)(24 26 28 29)(25)(27)(30)(31)(32)(33)(34 35)(36 38)(37)(39 41 63 65)(40 42)(43)(44 67 68 69)(45 47 51)(46 48)(49 52 55 57)(50)(53)(54 56)(58 59 60 66)(61)(62)(64)


Clusters at Iteration K = 36
(1)(2)(3)(4 8)(5 6)( 7  9 10 12)(11)(13 14)(15)(16 17)(18 22)(19 20 23)(21)(24 26 28 29)(25 38)(27)(30)(31)(32 36)(33)(34 35)(37)(39 41 63 65)(40 42)(43)(44 67 68 69)(45 47 51)(46 48)(49 52 55 57)(50)(53)(54 56)(58 59 60 66)(61)(62)(64)


Clusters at Iteration K = 35
(1)(2)(3)(4 8)(5 6)( 7  9 10 12)(11)(13 14)(15)(16 17)(18 22)(19 20 23)(21)(24 26 28 29)(25 38)(27)(30)(31)(32 36)(33)(34 35)(37)(39 41 63 65)(40 42)(43)(44 64 67 68 69)(45 47 51)(46 48)(49 52 55 57)(50)(53)(54 56)(58 59 60 66)(61)(62)


Clusters at Iteration K = 34
(1)(2)(3)(4 8)(5 6)( 7  9 10 12)(11)(13 14)(15)(16 17)(18 22)(19 20 23)(21)(24 25 26 28 29)(27)(30)(31)(32 36)(33)(34 35)(37)(38 45 47 51)(39 41 63 65)(40 42)(43)(44 64 67 68 69)(46 48)(49 52 55 57)(50)(53)(54 56)(58 59 60 66)(61)(62)


Clusters at Iteration K = 33
(1)(2)(3 7)( 4  8  9 10 12)(5 6)(11)(13 14)(15)(16 17)(18 22)(19 20 23)(21)(24 25 26 28 29)(27)(30)(31)(32 36)(33)(34 35)(37)(38 45 47 51)(39 41 63 65)(40 42)(43)(44 64 67 68 69)(46 48)(49 52 55 57)(50)(53)(54 56)(58 59 60 66)(61)(62)


Clusters at Iteration K = 32
(1)(2)(3 7)( 4  8  9 10 12)(5 6)(11)(13 14 15)(16 17)(18 22)(19 20 23)(21)(24 25 26 28 29)(27)(30)(31)(32 36)(33)(34 35)(37)(38 45 47 51)(39 41 63 65)(40 42)(43)(44 64 67 68 69)(46 48)(49 52 55 57)(50)(53)(54 56)(58 59 60 66)(61)(62)


Clusters at Iteration K = 31
(1)(2)(3 7)( 4  8  9 10 12)(5 6)(11)(13 14 15)(16 17)(18 22)(19 20 23)(21)(24 25 26 28 29 31)(27)(30)(32 36)(33)(34 35)(37)(38 45 47 51)(39 41 63 65)(40 42)(43)(44 64 67 68 69)(46 48)(49 52 55 57)(50)(53)(54 56)(58 59 60 66)(61)(62)


Clusters at Iteration K = 30
(1)(2)(3 7)( 4  8  9 10 12)(5 6)(11)(13 14 15)(16 17)(18 22)(19 20 23)(21)(24 25 26 28 29 31)(27)(30)(32 36)(33)(34 39 41 63 65)(35 44 64 67 68 69)(37)(38 45 47 51)(40 42)(43)(46 48)(49 52 55 57)(50)(53)(54 56)(58 59 60 66)(61)(62)


Clusters at Iteration K = 29
(1)(2)(3 7)( 4  8  9 10 12)(5 6)(11)(13 14 15)(16 17)(18 22)(19 20 23)(21)(24 25 26 28 29 31)(27)(30)(32 36)(33)(34 39 41 63 65)(35 44 64 67 68 69)(37)(38 45 47 51)(40 42)(43)(46 48)(49 52 55 57)(50)(53 58 66)(54 56)(59 61)(60 62)


Clusters at Iteration K = 28
(1)(2)( 3  7  8  9 10)(4 5 6)(11 12)(13 14 15)(16 17)(18 22)(19 20 23)(21)(24 25 26 28 29 31)(27)(30)(32 36)(33)(34 39 41 63 65)(35 44 64 67 68 69)(37)(38 45 47 51)(40 42)(43)(46 48)(49 52 55 57)(50)(53 58 66)(54 56)(59 61)(60 62)


Clusters at Iteration K = 27
(1)(2)( 3  7  8  9 10)( 4  5  6 16)(11 12)(13 14 15)(17 18 22)(19 20 23)(21)(24 25 26 28 29 31)(27)(30)(32 36)(33)(34 39 41 63 65)(35 44 64 67 68 69)(37)(38 45 47 51)(40 42)(43)(46 48)(49 52 55 57)(50)(53 58 66)(54 56)(59 61)(60 62)


Clusters at Iteration K = 26
(1)(2)( 3  7  8  9 10)( 4  5  6 16)(11 12)(13 14 15)(17 18 22)(19 20 23)(21)(24 25 26 28 29 31 32)(27)(30)(33 36)(34 39 41 63 65)(35 44 64 67 68 69)(37)(38 45 47 51)(40 42)(43)(46 48)(49 52 55 57)(50)(53 58 66)(54 56)(59 61)(60 62)


Clusters at Iteration K = 25
(1)(2)( 3  7  8  9 10)( 4  5  6 16)(11 12)(13 14 15)(17 18 22)(19 20 23)(21)(24 25 26 28 29 31 32)(27)(30)(33 36 38)(34 39 41 63 65)(35 44 64 67 68 69)(37)(40 42 47)(43 45)(46 48)(49 52 55 57)(50 51)(53 58 66)(54 56)(59 61)(60 62)


Clusters at Iteration K = 24
(1)(2)( 3  7  8  9 10)( 4  5  6 16)(11 12)(13 14 15)(17 18 22)(19 20 23)(21)(24 25 26 28 29 31 32)(27)(30)(33 36 38)(34 39 41 63 65)(35 44 64 67 68 69)(37)(40 42 47)(43 45)(46 48)(49 52 55 57)(50 51)(53 58 59 61 66)(54 56)(60 62)


Clusters at Iteration K = 23
(1)(2)( 3  7  8  9 10)( 4  5  6 16 29)(11 12)(13 14 15)(17 18 22)(19 20 23)(21)(24 25 26 27 28)(30 31)(32 35 44 64 67 68 69)(33 36 38)(34 39 41 63 65)(37)(40 42 47)(43 45)(46 48)(49 52 55 57)(50 51)(53 58 59 61 66)(54 56)(60 62)


Clusters at Iteration K = 22
(1 2)( 3  7  8  9 10)( 4  5  6 16 29)(11 12)(13 14 15)(17 18 22)(19 20 23)(21)(24 25 26 27 28)(30 31)(32 35 44 64 67 68 69)(33 36 38)(34 39 41 63 65)(37)(40 42 47)(43 45)(46 48)(49 52 55 57)(50 51)(53 58 59 61 66)(54 56)(60 62)


Clusters at Iteration K = 21
(1 2)( 3  7  8  9 10)( 4  5  6 16 29)(11 12)(13 14 15)(17 18 22)(19 20 23)(21)(24 25 26 27 28 30 31)(32 35 44 64 67 68 69)(33 36 38)(34 39 41 63 65)(37)(40 42 47)(43 45)(46 48)(49 52 55 57)(50 51)(53 58 59 61 66)(54 56)(60 62)


Clusters at Iteration K = 20
(1 2)( 3  7  8  9 10)( 4  5  6 16 29)(11 12)(13 14 15)(17 18 22)(19 20 23)(21)(24 25 26 27 28 30 31)(32 35 44 64 67 68 69)(33 36 38)(34 39 41 63 65)(37)(40 42 47)(43 45)(46 48)(49 52 55 57)(50 51)(53 58 59 60 61 62 66)(54 56)


Clusters at Iteration K = 19
(1 2)( 3  7  8  9 10)( 4  5  6 16 29)(11 12)(13 14 15)(17 18 22)(19 20 23)(21)(24 25 26 27 28 30 31)(32 33 36 38)(34 35 39 41 63 65)(37)(40 42 47)(43 45)(44 46 48)(49 52 55 57 69)(50 51)(53 58 59 60 61 62 64 66)(54 56 67 68)


Clusters at Iteration K = 18
(1 2)( 3  7  8  9 10)( 4  5  6 16 29)(11 12)(13 14 15)(17 18 22)(19 20 23)(21)(24 25 26 27 28 30 31)(32 33 36 38)(34 35 39 41 63 65)(37)(40 42 47)(43 45)(44 46 48 54 56 67 68)(49 52 55 57 69)(50 51)(53 58 59 60 61 62 64 66)


Clusters at Iteration K = 17
(1 2)( 3  7  8  9 10)( 4  5  6 16 29)(11 12)(13 14 15)(17 18 22)(19 20 23)(21)(24 25 26 27 28 30 31)(32 33 36 38 45)(34 35 39 41 63 65)(37)(40 42 47)(43 49 52 55 57 69)(44 46 48 54 56 67 68)(50 51)(53 58 59 60 61 62 64 66)


Clusters at Iteration K = 16
(1 2 3 7)( 4  5  6  8 10 16 29)( 9 11 12)(13 14 15)(17 18 22)(19 20 23)(21)(24 25 26 27 28 30 31)(32 33 36 38 45)(34 35 39 41 63 65)(37)(40 42 47)(43 49 52 55 57 69)(44 46 48 54 56 67 68)(50 51)(53 58 59 60 61 62 64 66)


Clusters at Iteration K = 15
(1 2 3 7)( 4  5  6  8 10 16 29)( 9 11 12)(13 14 15)(17 18 22)(19 20 23)(21)(24 25 26 27 28 30 31)(32 33 36 38 45)(34 35 39 41 63 65)(37 40 42)(43 49 52 55 57 69)(44 46 47 48 54 56 67 68)(50 51)(53 58 59 60 61 62 64 66)


Clusters at Iteration K = 14
(1 2 3 7)( 4  5  6  8 10 16 29)( 9 11 12)(13 14 15)(17 18 22)(19 20 23)(21)(24 25 26 27 28 30 31)(32 33 36 38 45)(34 35 39 41 63 65)(37 40 42)(43 49 50 52 55 57 69)(44 46 47 48 51 54 56 67 68)(53 58 59 60 61 62 64 66)


Clusters at Iteration K = 13
(1 2 3 7)( 4  5  6  8 10 11 12 16 29)( 9 13 14 15)(17 18 22)(19 20 23)(21)(24 25 26 27 28 30 31)(32 33 36 38 45)(34 35 39 41 63 65)(37 40 42)(43 49 50 52 55 57 69)(44 46 47 48 51 54 56 67 68)(53 58 59 60 61 62 64 66)


Clusters at Iteration K = 12
(1 2 3 7)( 4  5  6  8 10 11 12 16 29)( 9 13 14 15)(17 18 22)(19 20 23)(21)(24 25 26 27 28 30 31)(32 33 36 38 42 45)(34 35 37 39 40 41 63 65)(43 49 50 52 55 57 69)(44 46 47 48 51 54 56 67 68)(53 58 59 60 61 62 64 66)


Clusters at Iteration K = 11
( 1  2  3  7 31)( 4  5  6  8 10 11 12 16 29)( 9 13 14 15)(17 18 22)(19 20 23)(21 24 25 26 27 28 30)(32 33 36 38 42 45)(34 35 37 39 40 41 63 65)(43 49 50 52 55 57 69)(44 46 47 48 51 54 56 67 68)(53 58 59 60 61 62 64 66)


Clusters at Iteration K = 10
( 1  2  3  7 31 37)( 4  5  6  8 10 11 12 16 29)( 9 13 14 15)(17 18 22)(19 20 23)(21 24 25 26 27 28 30 34 35)(32 33 36 38 39 42 45)(40 41 43 49 50 52 55 57 69)(44 46 47 48 51 54 56 67 68)(53 58 59 60 61 62 63 64 65 66)


Clusters at Iteration K = 9
( 1  2  3  7 31 37)( 4  5  6  8 10 11 12 16 29)( 9 13 14 15)(17 18 19 20 22 23)(21 24 25 26 27 28 30 34 35)(32 33 36 38 39 42 45)(40 41 43 49 50 52 55 57 69)(44 46 47 48 51 54 56 67 68)(53 58 59 60 61 62 63 64 65 66)


Clusters at Iteration K = 8
( 1  2  3  7 31 37)( 4  5  6  8 10 11 12 16 29 41)( 9 13 14 15)(17 18 19 20 22 23)(21 24 25 26 27 28 30 34 35 40)(32 33 36 38 39 42 45)(43 52 53 55 58 59 60 61 62 63 64 65 66 69)(44 46 47 48 49 50 51 54 56 57 67 68)


Clusters at Iteration K = 7
( 1  2  3  7 31 37)( 4  5  6  8 10 11 12 16 24 29 30 34 35 40 41)( 9 13 14 15)(17 18 19 20 21 22 23 25)(26 27 28 44 46 47 48 49 50 51 54 56 57 67 68)(32 33 36 38 39 42 45)(43 52 53 55 58 59 60 61 62 63 64 65 66 69)


Clusters at Iteration K = 6
( 1  2  3  7  9 13 14 31 37)( 4  5  6  8 10 11 12 16 24 29 30 34 35 40 41)(15 26 27 28 44 46 47 48 49 50 51 54 56 57 67 68)(17 18 19 20 21 22 23 25)(32 33 36 38 39 42 45)(43 52 53 55 58 59 60 61 62 63 64 65 66 69)


Clusters at Iteration K = 5
( 1  7  9 15 26 27 28 44 46 47 48 49 50 51 54 56 57 67 68)( 2  3 13 14 17 18 19 20 21 22 23 25)( 4  5  6  8 10 11 12 16 24 29 30 31 34 35 40 41)(32 33 36 37 38 39 42 45)(43 52 53 55 58 59 60 61 62 63 64 65 66 69)


Clusters at Iteration K = 4
( 1  7  9 15 26 27 28 44 46 47 48 49 50 51 54 56 57 67 68)( 2  3 13 14 17 18 19 20 21 22 23 25)( 4  5  6  8 10 11 12 16 24 29 30 31 34 35 40 41 52 55 58 60 62 64 65 66
 69)(32 33 36 37 38 39 42 43 45 53 59 61 63)


Clusters at Iteration K = 3
( 1  7  9 15 26 27 28 44 46 47 48 49 50 51 54 56 57 67 68)( 2  3 13 14 17 18 19 20 21 22 23 25 32 33)( 4  5  6  8 10 11 12 16 24 29 30 31 34 35 36 37 38 39 40 41 42 43 45 52
 53 55 58 59 60 61 62 63 64 65 66 69)


Clusters at Iteration K = 2
( 1  4  5  6  7  8  9 10 11 12 15 16 24 29 30 31 34 35 36 37 38 39 40 41
 42 43 44 45 46 48 49 50 51 52 53 54 55 56 57 58 59 60 61 62 63 64 65 66
 67 68 69)( 2  3 13 14 17 18 19 20 21 22 23 25 26 27 28 32 33 47)

